,index,vive_data,vlp_data,last_cmd,transformed_vive,vive_x,vive_y,vive_z,vive_yaw,vive_pitch,vive_roll,encoder_heading_change_step,encoder_heading_change,pks,L1,L2,L3,L4,L1_test,L2_test,L3_test,L4_test,vlp_x_hist,vlp_y_hist,vlp_x_hist_test,vlp_y_hist_test,x_hist,y_hist,heading_hist,vlp_heading_hist,vive_heading_change,vlp_heading_change,encoder_heading_change_err,vlp_heading_change_err,encoder_location_change_step,encoder_location_change,vive_location_change,vlp_location_change,encoder_location_change_err,vlp_location_change_err,encoder_heading_hist,encoder_x_hist,encoder_y_hist,heading_hist_rad,encoder_heading_hist_rad,encoder_heading_change_rad,encoder_heading_change_err_rad,vlp_heading_hist_rad,vlp_heading_change_rad
0,3,"[[ 0.5389434  -0.84147376  0.03814056  0.3482687 ]
 [ 0.01916066 -0.03302038 -0.9992709  -0.8144847 ]
 [ 0.8421197   0.53928125 -0.00167283 -0.6118101 ]]","[[2781  663 2312 ... 3062  906  844]
 [ 867 1015 2558 ... 1064 3407  227]
 [ 979 2598  331 ... 3361  878  700]]",MOVE:445.2000000000001,"[[-0.99968337 -0.01473062  0.02022049 -0.00377171]
 [ 0.01935583  0.05665446  0.99820612  0.00319242]
 [-0.01584986  0.99828151 -0.0563519   0.20460119]
 [ 0.          0.          0.          1.        ]]",-0.0037717146072260843,0.0031924236468535705,0.2046011909840395,179.1557940326787,1.1586349052688085,-93.23109814462254,,0.0,"[array([23.80413065,  5.31871695, 12.3802482 , 62.38859729]), array([12.90062114,  4.70353297, 10.46312093, 57.41035974]), array([22.57362589,  4.94971368, 13.82404424, 62.76498059])]",19.759459227159898,4.990654532733461,12.222471123005581,60.85464587558877,23.804130654481813,5.318716954935253,12.380248198617885,62.38859728982137,-0.047569644,0.07468809,-0.04421474,0.11716987,-0.002740359766686281,0.13460878920218253,-0.8442059673212725,,,,,,445,0.1117635663184478,,,,,-0.8442059673212725,-0.002740359766686281,0.13460878920218253,-0.014734173694739859,-0.014734173694739859,0.0,,,
1,4,"[[ 0.54052037 -0.84069556  0.0326765   0.25721258]
 [ 0.0237099  -0.0236019  -0.9994401  -0.81160575]
 [ 0.8409961   0.54099256  0.00717557 -0.54996544]]","[[2064 1342 3375 ... 1757  186 4095]
 [ 962 3504  336 ...  318 2983 1340]
 [ 983 2566  414 ...  875 3062  611]]",MOVE:445.2000000000001,"[[-0.9997342  -0.01696012  0.01557933 -0.00858151]
 [ 0.01476178  0.04732356  0.99877037  0.00303514]
 [-0.0176766   0.99873513 -0.04706105  0.31460621]
 [ 0.          0.          0.          1.        ]]",-0.008581514214735297,0.003035139199207393,0.3146062125389316,179.02809903461636,0.8926762829240068,-92.69771462224192,0.0,0.0,"[array([29.53060321,  6.84584965, 12.24177488, 54.59762412]), array([17.95153869,  5.39044479, 12.7498428 , 53.95727326]), array([18.39234059,  2.76855451, 13.68421594, 52.33398243])]",21.9581608288908,5.001616316514853,12.891944539340463,53.62962660239341,29.53060320507113,6.845849646750685,12.241774878999143,54.5976241208135,-0.05352788,0.10339515,-0.04081688,0.21813469,-0.007394170128069841,0.24461628316320028,-0.971900965383611,-11.725434,-0.12769499806233853,,-0.12769499806233853,,445,0.1117635663184478,0.11010588848223822,0.029318864,-0.001657677836209584,0.08078702495625155,-0.8442059673212725,-0.004387043982665125,0.24636022403552563,-0.016962871849255445,-0.014734173694739859,0.0,-0.002228698154515587,-0.20464744,
2,6,"[[ 0.14900957 -0.98775613  0.04618826  0.13610594]
 [ 0.02838245 -0.04241817 -0.9986967  -0.81207514]
 [ 0.9884281   0.15012625  0.02171422 -0.5568672 ]]","[[1259 1471 2798 ... 1252 1739 1493]
 [ 540 1494 1583 ...  234 1800 1432]
 [ 304 1765 2473 ...  305 2071 1425]]",MOVE:445.2000000000001,"[[-0.9194271   0.39324052 -0.00390697  0.06095694]
 [ 0.01643041  0.04833801  0.99869585  0.00309167]
 [ 0.39291654  0.91816377 -0.0509044   0.41399974]
 [ 0.          0.          0.          1.        ]]",0.060956935641274856,0.003091668716191598,0.4139997398989563,-156.84352541335062,-0.2238547205734249,-92.91789471411049,120.0,23.75080518,"[array([29.42441409,  8.7251262 , 11.37461789, 47.98551963]), array([23.79755897,  8.29260798, 13.23086235, 47.897041  ]), array([31.50044821, 10.26614497, 12.04912571, 51.69592903])]",28.240807090029406,9.094626382698001,12.21820198453194,49.19282988778568,29.42441408623376,8.72512619805154,11.374617891478255,47.98551962714807,-0.025656644,0.2514736,-0.041938595,0.27407002,0.03342988616063887,0.34963933633519184,23.15647458664938,10.659468,24.128375552032992,22.384902954101562,0.3775703720329915,1.7434725979314294,445,0.1117635663184478,0.11267850402552665,0.15067858,0.0009149377070788445,-0.03800007101338326,22.906599212678728,0.03911469428242204,0.3493101804421892,0.40415672469142466,0.39979557669598464,0.4145297503907245,0.006589846149955617,0.1860428,0.3906902592884774
3,7,"[[ 0.15781757 -0.986491    0.04388095  0.02586945]
 [ 0.02776861 -0.03998611 -0.998814   -0.8113303 ]
 [ 0.9870761   0.15884875  0.02108374 -0.53563887]]","[[1782 1997  229 ...  688 3242  221]
 [2869 1625 1595 ...  614 1142 3619]
 [1741 1637 1471 ... 1974  185 3203]]",MOVE:445.2000000000001,"[[-0.92288382  0.38506832 -0.00215386  0.10082876]
 [ 0.01698985  0.0463036   0.99878263  0.00321526]
 [ 0.38469926  0.92172378 -0.04927527  0.51894497]
 [ 0.          0.          0.          1.        ]]",0.10082876419289982,0.0032152571253449835,0.5189449743412105,-157.35191988009166,-0.12338342425425045,-92.8244254778592,0.0,0.0,"[array([45.8796237 , 12.86933413,  8.8324902 , 40.57681657]), array([51.64104166, 13.74751665, 14.96404964, 40.33930096]), array([46.48531839, 12.74072594, 12.50028351, 39.99972996])]",48.001994585018615,13.119192237413372,12.098941117552664,40.30528249576475,45.8796237021012,12.869334127605526,8.832490198880894,40.57681656935696,0.00887514,0.4612709,-0.03204405,0.48577222,0.07387387084140941,0.4543428557659673,22.648080119908343,9.346847,-0.5083944667410378,-1.3126211166381836,-0.5083944667410378,0.8042266498971458,445,0.1117635663184478,0.11224323087852191,0.2126202,0.00047966456007410285,-0.10037696784813215,22.906599212678728,0.08261643254750921,0.4522601368488528,0.39528356734787273,0.39979557669598464,0.0,-0.008873157343551916,0.16313325,-0.022909560316540827
4,8,"[[ 0.15614554 -0.9867672   0.04368587 -0.08409195]
 [ 0.03118994 -0.03928056 -0.998741   -0.8089188 ]
 [ 0.9872414   0.15731123  0.02464365 -0.51449335]]","[[ 590 3052  417 ...  717 1133 2030]
 [1996 3003  121 ... 1426 1621 2569]
 [2454 2638  422 ...  948 3143 2205]]",MOVE:445.2000000000001,"[[-0.92227845  0.38649267 -0.0050795   0.14056156]
 [ 0.01357809  0.04552907  0.99887038  0.00167031]
 [ 0.38628732  0.92116761 -0.04723831  0.62365111]
 [ 0.          0.          0.          1.        ]]",0.1405615646834784,0.001670311240566602,0.6236511088230985,-157.2632546297861,-0.2910376750135331,-92.70762099212173,0.0,0.0,"[array([45.34457446, 16.7961773 , 13.89671272, 28.96477988]), array([49.35031523, 17.13633198, 10.3516351 , 30.43998682]), array([54.76906178, 18.62330723, 13.26452413, 32.95682651])]",49.82131715768295,17.518605504348532,12.504290650813024,30.787197734946194,45.344574464449714,16.79617729922051,13.896712724169275,28.96477987703728,0.049781993,0.5254661,0.057817496,0.49763846,0.11350673183308324,0.5590907802966948,22.736745370213896,32.50635,0.08866525030555295,23.159503936767578,0.08866525030555295,-23.070838686462025,445,0.1117635663184478,0.11199505062224994,0.076120906,0.00023148430380214025,0.0358741450441135,22.906599212678728,0.12611817081259638,0.5552100932555164,0.39683106789780953,0.39979557669598464,0.0,0.0015475005499368073,0.5673429,0.40420959682518287
5,9,"[[ 0.16655348 -0.9850076   0.04490159 -0.1934507 ]
 [ 0.02889246 -0.04064165 -0.998755   -0.8071663 ]
 [ 0.985607    0.16764432  0.02168859 -0.4927098 ]]","[[ 334 1414 2777 ... 2146 1112  505]
 [ 619 1026 2650 ... 3240   45  982]
 [ 820 2280 2843 ... 2294  770 2190]]",MOVE:445.2000000000001,"[[-9.26270714e-01  3.76839283e-01 -3.20663327e-03  1.79461005e-01]
 [ 1.58080212e-02  4.73571049e-02  9.98751862e-01  8.13069373e-04]
 [ 3.76521874e-01  9.25065275e-01 -4.98245908e-02  7.28164416e-01]
 [ 0.00000000e+00  0.00000000e+00  0.00000000e+00  1.00000000e+00]]",0.17946100522449165,0.0008130693729904159,0.7281644156565401,-157.8618290465161,-0.1837839299873425,-92.85590254519168,0.0,0.0,"[array([56.18387617, 21.86602976,  7.99979781, 20.16451139]), array([58.61862784, 23.20058355,  4.9401171 , 21.84350445]), array([50.79535959, 22.56919698,  9.69758609, 20.00569769])]",55.19928786610827,22.54527009492041,7.545833666078946,20.671237840656683,56.18387616565973,21.866029755189793,7.999797812196738,20.164511388619996,0.07177462,0.73989123,0.07124591,0.7392467,0.15308210434426264,0.6633249709615779,22.138170953483893,5.856093,-0.5985744167300027,-26.650259017944336,-0.5985744167300027,26.051684601214333,445,0.1117635663184478,0.11149428959799612,0.21555004,-0.00026927672045168327,-0.10405574564026987,22.906599212678728,0.16961990907768354,0.65816004966218,0.38638397350766635,0.39979557669598464,0.0,-0.010447094390143177,0.1022081,-0.4651347663724392
6,10,"[[ 0.16056672 -0.98587066  0.04769926 -0.30313188]
 [ 0.02535642 -0.04418965 -0.9987012  -0.8038734 ]
 [ 0.986698    0.16156766  0.0179028  -0.47044516]]","[[1470 1802 2150 ... 3322  253 2280]
 [ 924  300 3390 ... 2600  589  979]
 [ 288 3513 3404 ...  406 1558 1895]]",MOVE:445.2000000000001,"[[-0.92391367  0.38259502 -0.0014619   0.2180612 ]
 [ 0.01938477  0.0506262   0.99852942 -0.00156149]
 [ 0.38210635  0.92252687 -0.05419134  0.83324012]
 [ 0.          0.          0.          1.        ]]",0.2180612002304712,-0.001561493162540728,0.833240116997384,-157.5054398341944,-0.08375294152956086,-93.10644493797248,0.0,0.0,"[array([61.70601605, 27.01893764,  9.22660469, 14.07881259]), array([62.4540492 , 27.85194608,  1.68893185, 13.58942484]), array([57.53116017, 27.35459577,  7.18869381, 13.91443934])]",60.56374180892836,27.40849315988459,6.034743449648366,13.860892255953141,61.70601605155689,27.018937636998775,9.226604685394058,14.078812592328319,0.13692424,0.84986717,0.16156645,0.82241046,0.19127950019938153,0.7685660066946923,22.49456016580561,30.64245,0.35638921232171583,24.786357879638672,0.35638921232171583,-24.429968667316956,445,0.1117635663184478,0.11195854881290357,0.1278248,0.00019498249445576432,-0.015866249413452937,22.906599212678728,0.2131216473427707,0.7611100060688436,0.3926041386812695,0.39979557669598464,0.0,0.006220165173603086,0.5348116,0.4326035545773352
7,12,"[[-0.9215745   0.3865301  -0.03590972 -0.16749   ]
 [ 0.00171972 -0.0884396  -0.9960798  -0.811193  ]
 [-0.38819063 -0.9180236   0.08083899 -0.6527664 ]]","[[ 491 1288 3741 ... 1858  868 1586]
 [ 791   88 3907 ... 2685  226 1525]
 [1203  739 2585 ... 2389  898 1105]]",MOVE:445.2000000000001,"[[ 0.81422059  0.58044445 -0.0111036   0.30199439]
 [-0.02002262  0.04719104  0.99868493 -0.00237462]
 [ 0.58020545 -0.81292782  0.05004546  0.62193964]
 [ 0.          0.          0.          1.        ]]",0.30199438938887097,-0.0023746240436464117,0.6219396420440306,-35.48440618349657,-0.6362029245738681,-87.13120547984848,632.0,120.7834119,"[array([47.72952134, 30.98459389, 14.43022092, 21.47507187]), array([52.31809551, 30.74467975, 10.67543533, 21.0731801 ]), array([56.99610601, 30.20344899,  9.86443074, 20.97459011])]",52.347907621175864,30.64424087598854,11.65669566429439,21.17428069314938,47.729521343234346,30.984593892056274,14.4302209221914,21.475071866000533,0.21176274,0.7110582,0.25243267,0.66260475,0.2613606940680725,0.6789387894462201,144.51559381650344,151.6688,122.02103365069783,121.0263442993164,1.2376217506978264,0.9946893513814246,445,0.1117635663184478,0.11377351100219192,0.15769823,0.0020099446837441165,-0.04392471795307694,143.69001111267875,0.27930285381460274,0.6710481236426429,2.522272932572743,2.507863796143485,2.1080682194475,0.0216005744439735,2.6471198,2.112308189675341
8,13,"[[-0.9237852   0.38153568 -0.03241043 -0.12802705]
 [-0.00174825 -0.08884492 -0.9960437  -0.8142575 ]
 [-0.38290602 -0.92007387  0.08274104 -0.75864077]]","[[1049 1239 1335 ... 2104  631 1357]
 [ 263 1657 1721 ... 1626 1346    0]
 [1577  814 2211 ...  447 3208  539]]",MOVE:445.2000000000001,"[[ 0.81102633  0.58482773 -0.0145607   0.37134736]
 [-0.01632127  0.04749916  0.99873769 -0.00406421]
 [ 0.58478124 -0.80976489  0.04806813  0.53270172]
 [ 0.          0.          0.          1.        ]]",0.3713473562017742,-0.004064205134234333,0.5327017168294244,-35.79522759051136,-0.8342865663552147,-87.24453280574136,0.0,0.0,"[array([42.40520593, 34.42523062, 17.60502159, 25.83795648]), array([42.59318126, 33.15207349, 15.95705544, 25.65727523]), array([41.25891551, 34.28928276, 15.32000355, 26.33027179])]",42.08576756692913,33.95552895596678,16.294026859706495,25.94183449754254,42.4052059277862,34.42523062261999,17.605021586473246,25.83795647590619,0.29811648,0.5757053,0.31331885,0.56430566,0.33040504808188426,0.5894795946148434,144.20477240948864,147.46255,-0.31082140701482786,-4.20623779296875,-0.31082140701482786,3.895416385953922,445,0.1117635663184478,0.11300473601165029,0.16055335,0.0012411696932024818,-0.04754861503300456,143.69001111267875,0.3454840602864348,0.580986241216442,2.516848075634653,2.507863796143485,0.0,-0.005424856938090146,2.573707,-0.07341269860912428
9,15,"[[-0.99843615 -0.05551871 -0.00643055 -0.1667942 ]
 [ 0.01145538 -0.09062691 -0.9958164  -0.8134538 ]
 [ 0.05470467 -0.99433315  0.0911208  -0.8723213 ]]","[[ 826 1934 1658 ... 1390 2194 2188]
 [2352 2752  601 ...    0 4076  140]
 [2637    0 1805 ... 3253  774 1038]]",MOVE:445.2000000000001,"[[ 0.47785254  0.8777254  -0.03534625  0.48830244]
 [-0.0098008   0.04556126  0.99891084 -0.01003571]
 [ 0.87838458 -0.47698665  0.03037189  0.50600619]
 [ 0.          0.          0.          1.        ]]",0.4883024446269189,-0.010035705784164017,0.506006185381058,-61.435258459649575,-2.02567607753802,-88.25837016630732,-128.0,-24.90997655,"[array([36.58458544, 41.60740513, 26.19849708, 26.77436321]), array([36.21541917, 42.39105241, 29.53369702, 27.48852167]), array([33.48778548, 39.47913656, 27.73670992, 24.79888711])]",35.429263362514746,41.159198031880074,27.822968005043105,26.353923997469114,36.58458543880144,41.60740512751821,26.198497075577624,26.774363210131476,0.41994473,0.51124126,0.40688246,0.5210595,0.4268230276944212,0.539476788806155,118.56474154035043,117.88505,-25.64003086913823,-29.57750701904297,-0.7300543191382296,3.9374761499047395,445,0.1117635663184478,0.10861264834863846,0.13783227,-0.003150917969809347,-0.029219620723894196,118.78003456267875,0.4434419761917817,0.5271778639160712,2.0693451166552084,2.073102688751407,-0.4347611073920779,-0.012741851587367558,2.0574822,-0.5162248820140329
10,16,"[[-0.9983541  -0.05665879 -0.00881022 -0.17604855]
 [ 0.01381929 -0.088634   -0.9959677  -0.8141999 ]
 [ 0.05564906 -0.9944514   0.08927116 -0.98208773]]","[[1188 2075  295 ... 1581 1821 1927]
 [ 942 1457 2004 ... 2759  202  731]
 [   0 3944  531 ... 2393 1210 1654]]",MOVE:445.2000000000001,"[[ 0.47691493  0.87834766 -0.0325177   0.5864792 ]
 [-0.01211955  0.04356409  0.99897641 -0.0142576 ]
 [ 0.87886513 -0.47603294  0.03142159  0.45622298]
 [ 0.          0.          0.          1.        ]]",0.5864792037410529,-0.014257598253898829,0.4562229844514762,-61.499433496326084,-1.8634497972114104,-88.19839380747388,0.0,0.0,"[array([32.24195195, 46.24733726, 31.08823249, 24.49154566]), array([30.9391456 , 47.92175635, 41.53619276, 24.56491139]), array([22.72374993, 49.26339478, 37.13239215, 26.40105038])]",28.634949158753603,47.810829464464554,36.58560580159112,25.152502479803925,32.24195195285309,46.24733725909485,31.088232493943064,24.49154566281634,0.5271299,0.47944245,0.48512927,0.51463366,0.5249623361063638,0.4896247059103493,118.50056650367392,106.52414,-0.06417503667648816,-11.360908508300781,-0.06417503667648816,11.296733471624293,445,0.1117635663184478,0.11007521984817777,0.1118026,-0.0016883464702700385,-0.001727380475976134,118.78003456267875,0.5413998920971286,0.47336948661570033,2.068225050967615,2.073102688751407,0.0,-0.0011200656875928374,1.8591969,-0.19828525948768616
11,18,"[[ 0.23012178  0.9707521  -0.06842253  0.0044427 ]
 [-0.02614339 -0.06411725 -0.9975998  -0.8172218 ]
 [-0.9728093   0.23135826  0.01062397 -0.8766206 ]]","[[1527 1437 1347 ... 1706 1910  577]
 [1863  651 2971 ... 1840  753 2827]
 [   4 2833  687 ... 1555 1850 1549]]",MOVE:445.2000000000001,"[[ 0.70679144 -0.70436123  0.06571586  0.40209881]
 [-0.01764675  0.07531107  0.99700384 -0.00632363]
 [-0.70720006 -0.70583344  0.04079963  0.35798622]
 [ 0.          0.          0.          1.        ]]",0.40209881007745046,-0.006323631676601771,0.35798622436767125,44.90130405794918,3.7679582370090436,-87.65663225774138,557.0,106.56965115,"[array([21.2479206 , 30.6206974 , 34.13396054, 33.60479546]), array([23.48501463, 32.7138857 , 35.74785852, 36.52034827]), array([26.93031692, 32.31054376, 35.63826216, 35.17240327])]",23.887750716010103,31.88170895493983,35.17336040681334,35.09918233177953,21.24792059933235,30.620697403206417,34.1339605391364,33.60479545715682,0.42933008,0.34261036,0.44161278,0.32483974,0.45151094854438834,0.4075688883957785,-135.09869594205082,-144.44496,106.40073755427525,109.03089904785156,-0.16891359572474585,-2.63016149357631,445,0.1117635663184478,0.11012839562421703,0.16818984,-0.0016351706942307753,-0.05806144290441609,-134.65031428732124,0.4618902654928968,0.39482450565909366,-2.3579170593394894,-2.3500913231589178,1.8599912952692614,-0.0029480983967794324,-2.5210402,1.9029481747945602
12,19,"[[ 0.22770861  0.9711496  -0.07082906  0.11432146]
 [-0.02985865 -0.06574176 -0.9973895  -0.8174427 ]
 [-0.97327125  0.22922882  0.0140273  -0.8530345 ]]","[[2114  643 1919 ... 1828    0 1778]
 [ 690 1309 1128 ...    0 3355 1005]
 [1334  421 3152 ... 3933  188 1377]]",MOVE:445.2000000000001,"[[ 0.70859682 -0.70269734  0.0640803   0.3243097 ]
 [-0.01395816  0.07683804  0.99694554 -0.00494606]
 [-0.7054753  -0.70732722  0.04463888  0.27688967]
 [ 0.          0.          0.          1.        ]]",0.32430969736698717,-0.004946056270876298,0.2768896730721817,44.76049471712752,3.6740605900867185,-87.43625443228495,0.0,0.0,"[array([18.96116191, 19.540809  , 33.20184637, 43.23678165]), array([27.17779368, 20.26112347, 31.05519098, 42.93082407]), array([33.48988475, 20.55214405, 36.33177159, 44.47163747])]",26.54294678171607,20.118025508703255,33.52960297738884,43.54641439715465,18.961161913921682,19.540809000916035,33.201846370475664,43.23678164964087,0.3109364,0.26919624,0.3322846,0.21021602,0.3735998330471779,0.326593621855235,-135.23950528287247,-121.80242,-0.1408093408216473,22.642539978027344,-0.1408093408216473,-22.78334931884899,445,0.1117635663184478,0.11237052865111796,0.13930793,0.0006069623326701579,-0.026937402414441425,-134.65031428732124,0.382380638888665,0.3162795247024869,-2.3603746459543897,-2.3500913231589178,0.0,-0.002457586614900603,-2.1258533,0.3951868736310217
13,20,"[[ 0.22867663  0.970996   -0.06981102  0.22222888]
 [-0.02351697 -0.06618027 -0.99753046 -0.8163992 ]
 [-0.97321826  0.22975364  0.00770102 -0.8282614 ]]","[[3818    0 3013 ... 1991 1366 2066]
 [2991   21 2440 ... 2719  621 1669]
 [2589  877 3406 ... 1812 1000 2816]]",MOVE:445.2000000000001,"[[ 0.70779646 -0.70304557  0.068927    0.2464988 ]
 [-0.02029016  0.07729969  0.99680137 -0.00477959]
 [-0.70612486 -0.70693106  0.0404476   0.19812263]
 [ 0.          0.          0.          1.        ]]",0.2464988037524239,-0.0047795855110114305,0.19812263151347176,44.807060553782534,3.9523608234006615,-87.6763625764666,0.0,0.0,"[array([22.02466199, 12.60421559, 26.7672435 , 55.74909284]), array([13.71679931, 12.02667991, 26.61763527, 50.18924974]), array([24.52714165, 12.34772912, 30.16721021, 52.13207171])]",20.08953431447348,12.32620820511825,27.850696329609267,52.6901380942381,22.024661987307958,12.60421559234148,26.76724350172901,55.74909283670081,0.19740184,0.12789114,0.18707837,0.155907,0.2958293188990354,0.24778650445316436,-135.19293944621745,-141.21913,0.04656583665502012,-19.416709899902344,0.04656583665502012,19.463275736557364,445,0.1117635663184478,0.11071953135779694,0.18126562,-0.0010440349606508637,-0.07054609101959869,-134.65031428732124,0.30287101228443325,0.23773454374588016,-2.359561918785814,-2.3500913231589178,0.0,0.000812727168575964,-2.4647388,-0.3388855176578745
14,21,"[[ 0.22693698  0.9708441  -0.07719633  0.33237767]
 [-0.02690656 -0.0729847  -0.9969694  -0.81561613]
 [-0.9735365   0.22832696  0.00955981 -0.8036761 ]]","[[2475  607 2691 ...   44 2770  745]
 [2713  466 2653 ... 2257  666 2984]
 [3397  295 2658 ...  277 1795 2772]]",MOVE:445.2000000000001,"[[ 0.70911304 -0.70148874  0.07120731  0.16767962]
 [-0.01691986  0.08403258  0.99631874 -0.0043596 ]
 [-0.70489011 -0.70770777  0.04771946  0.11734416]
 [ 0.          0.          0.          1.        ]]",0.16767961562334383,-0.004359596157348267,0.11734415557827282,44.69027226503715,4.0833545213196345,-87.25782989996436,0.0,0.0,"[array([11.87212657,  9.27540673, 27.17887768, 72.0956273 ]), array([13.69420132,  5.96546949, 22.53977745, 60.2378591 ]), array([27.37503112,  7.91294301, 21.42294377, 73.18555019])]",17.64711967048875,7.717939741119101,23.713866299841953,68.50634553004217,11.872126572868153,9.275406728052845,27.178877683717293,72.09562729749068,0.11706124,0.05850227,0.18595162,0.013862866,0.21690879649309247,0.16710847764633252,-135.30972773496285,-130.81662,-0.11678828874539704,10.402511596679688,-0.11678828874539704,-10.519299885425085,445,0.1117635663184478,0.11286005877311431,0.106157556,0.0010964924546665034,0.0067025025969287,-134.65031428732124,0.22336138568020147,0.15918956278927343,-2.361600258952191,-2.3500913231589178,0.0,-0.002038340166377016,-2.2831807,0.18155807783895297
15,23,"[[ 0.692228   -0.72117484  0.0269399   0.1368707 ]
 [ 0.01174303 -0.02606855 -0.999591   -0.8152975 ]
 [ 0.7215822   0.69226134 -0.00957696 -0.6966151 ]]","[[   0 2822  713 ...  751 2139  497]
 [3001   69 2076 ...    0 2301 1038]
 [2766 1105 2447 ...  305 1854 2411]]",MOVE:445.2000000000001,"[[-9.77525671e-01 -2.08239322e-01  3.28373285e-02  1.79443198e-01]
 [ 2.14468796e-02  5.67217009e-02  9.98159440e-01 -2.87532329e-06]
 [-2.09718757e-01  9.76431005e-01 -5.09811003e-02  3.39892532e-01]
 [ 0.00000000e+00  0.00000000e+00  0.00000000e+00  1.00000000e+00]]",0.17944319798499447,-2.8753232946820972e-06,0.3398925318102881,167.97421013553895,1.8817742561744966,-92.92384372142551,641.0,122.48906319,"[array([20.1154192 , 10.71728474, 19.47610867, 52.59769002]), array([29.66487215, 10.8312746 , 19.09825222, 53.00053228]), array([30.25932807, 12.0336843 , 15.81710674, 53.90306114])]",26.679873139344068,11.194081213229035,18.130489210970428,53.16709447989272,20.115419195596292,10.717284735221698,19.47610866840853,52.59769002077718,0.067992814,0.21314354,0.08087002,0.12537602,0.1940278345990919,0.2714287576312763,-12.025789864461046,-17.604486,123.2839378705018,113.2121353149414,0.7948746805018061,10.071802555560396,445,0.1117635663184478,0.10680009004365007,0.16223943,-0.004963476274797735,-0.05543934229124983,-12.16125109732127,0.1998168563926627,0.2684449969646329,-0.20988962828780788,-0.2122538728100295,2.1378374503488886,0.013873180315494489,-0.30725625,1.9759245144590751
16,24,"[[ 0.6825439  -0.73034394  0.02703684  0.05719181]
 [ 0.01182019 -0.02595768 -0.99959296 -0.8137558 ]
 [ 0.7307489   0.68258566 -0.00908464 -0.61987966]]","[[2046    0 2495 ... 1828 1121 1850]
 [1913  372 3281 ... 3792    0 2563]
 [ 418 1583 1366 ...  293 1665 1557]]",MOVE:445.2000000000001,"[[-0.9802288  -0.19520151  0.03236806  0.15605066]
 [ 0.02177594  0.05616616  0.99818373  0.00185802]
 [-0.19666494  0.9791532  -0.05080509  0.44800708]
 [ 0.          0.          0.          1.        ]]",0.1560506603876443,0.001858019461174476,0.4480070808012879,168.73752201183947,1.8548732929662155,-92.91370997639268,0.0,0.0,"[array([28.41062164, 14.66953505, 14.2437548 , 45.71935762]), array([44.44120846, 18.01032759, 13.85269747, 48.89926194]), array([34.31242358, 15.24729902, 16.41242117, 47.38626528])]",35.721417890920485,15.975720551438599,14.836291145638086,47.33496161364747,28.410621637138807,14.669535046771003,14.243754796342266,45.71935762182517,0.07662333,0.35394964,0.05424728,0.3118253,0.1697219344198481,0.3793550869020836,-11.262477988160526,3.5074773,0.76331187630052,21.111963272094727,0.76331187630052,-20.348651395794207,445,0.1117635663184478,0.11062942345232611,0.14107034,-0.001134142866121693,-0.03044091265111322,-12.16125109732127,0.17627232710512394,0.3777004311399924,-0.19656732282678813,-0.2122538728100295,0.0,0.013322305461019748,0.061217025,0.3684732706581685
17,25,"[[ 0.6829646  -0.7298191   0.03036523 -0.02402075]
 [ 0.01267279 -0.02972664 -0.9994772  -0.81304777]
 [ 0.73034036  0.6829924  -0.01105332 -0.5413373 ]]","[[ 311 3387 2241 ... 1202 2023 1457]
 [1832 1586 1886 ... 3888  890  122]
 [ 215 1934 1414 ... 2860  373 1501]]",MOVE:445.2000000000001,"[[-0.98013591 -0.19567651  0.03228718  0.13196106]
 [ 0.0209061   0.05995007  0.99798191  0.00463206]
 [-0.19721776  0.97883345 -0.05466774  0.55835597]
 [ 0.          0.          0.          1.        ]]",0.13196105574875333,0.004632061862027137,0.5583559680850618,168.7097595939155,1.8502436406168852,-93.1354626627456,0.0,0.0,"[array([52.28071724, 17.35046486, 16.79193484, 36.12120119]), array([45.9842086 , 17.09300855, 14.46171118, 36.52631105]), array([38.91164385, 17.66997593, 12.14592184, 35.16621335])]",45.72552322934041,17.371149779751587,14.466522619996994,35.93790853135295,52.280717243039334,17.350464859314354,16.791934836175294,36.121201194171675,0.0733815,0.4609666,0.10213411,0.4648566,0.14566559319640404,0.48971060660050164,-11.290240406084536,-1.7351116,-0.02776241792400924,-5.242588996887207,-0.02776241792400924,5.214826578963198,445,0.1117635663184478,0.11294710390694712,0.107066035,0.0011835375884993171,0.005881068636256204,-12.16125109732127,0.1527277978175852,0.48695586531535195,-0.19705186842787678,-0.2122538728100295,0.0,-0.00048454560108865017,-0.03028341,-0.09150043932450852
18,26,"[[ 0.6682625  -0.74325025  0.03168542 -0.10384385]
 [ 0.0140376  -0.02998628 -0.99945104 -0.80803156]
 [ 0.7437922   0.66834104 -0.00960519 -0.46351418]]","[[1547 2829 3733 ... 1267  709 2693]
 [3619    0 1116 ... 3935 2852 1604]
 [ 652 1938 3271 ...  546  932 2649]]",MOVE:445.2000000000001,"[[-0.98389323 -0.17615561  0.03036159  0.10758489]
 [ 0.02013827  0.05953631  0.99802229  0.003071  ]
 [-0.17761521  0.98256017 -0.05502983  0.66724442]
 [ 0.          0.          0.          1.        ]]",0.10758488638912944,0.0030709983805747854,0.6672444249609013,169.849345947836,1.7398662622823915,-93.15603099111219,0.0,0.0,"[array([52.19112393, 18.99175187,  8.79592526, 27.38998567]), array([59.09596381, 19.63905209, 11.90325882, 28.22482523]), array([56.19581976, 18.78984745,  5.59851713, 26.53239311])]",55.827635837364255,19.140217134204985,8.76590040476553,27.382401337805586,52.19112393486484,18.99175187020884,8.795925261472979,27.389985668546284,0.029895274,0.63083816,0.028859094,0.62545925,0.11992147897960324,0.5983400819681939,-10.150654052163986,-14.359051,1.1395863539205493,-12.623939514160156,1.1395863539205493,13.763525868080706,445,0.1117635663184478,0.11163835512702495,0.17534937,-0.00012521119142284987,-0.06371101451809376,-12.16125109732127,0.12918326853004644,0.5962112994907114,-0.1771623344411658,-0.2122538728100295,0.0,0.019889533986710978,-0.2506127,-0.22032930909470805
19,28,"[[-0.8490623   0.52666736 -0.04139496  0.04126227]
 [-0.00275371 -0.08276734 -0.9965647  -0.8148888 ]
 [-0.52828455 -0.84603214  0.07172479 -0.66670185]]","[[1549  425 3029 ... 2651  721 1279]
 [3405 2649 1844 ...  314 1608 2011]
 [  65 3381 1652 ...    0 1543 1970]]",MOVE:445.2000000000001,"[[ 8.95338394e-01  4.45385420e-01 -4.56076143e-04  2.04258659e-01]
 [-2.18234363e-02  4.48937022e-02  9.98752956e-01  8.61035232e-04]
 [ 4.44850397e-01 -8.94212339e-01  4.99148001e-02  4.36946060e-01]
 [ 0.00000000e+00  0.00000000e+00  0.00000000e+00  1.00000000e+00]]",0.2042586594115005,0.0008610352321053449,0.4369460604816738,-26.44800141395635,-0.026128788452628598,-87.1388864626301,859.0,163.80372777,"[array([46.66280762, 18.26590033, 11.85321232, 40.04812017]), array([41.52209912, 19.22749825, 11.62318488, 40.68633634]), array([37.98450626, 17.98561328, 16.17607882, 39.12391282])]",42.05647100138553,18.493003954067245,13.217492008977251,39.95278977620987,46.66280762159477,18.26590033308734,11.85321232309018,40.04812017125752,0.074083954,0.44862288,0.057615552,0.48484758,0.173081678969132,0.4996197861607506,153.55199858604365,166.36845,163.70265263820764,-179.27249145507812,-0.10107513179235639,342.97514409328573,445,0.1117635663184478,0.11212360887536486,0.1874968,0.000360042556917059,-0.07537318737497846,151.64247667267875,0.1822678269039484,0.49785925620504357,2.6799879483441393,2.64666050381694,2.8589143766269687,-0.0017640938416638165,2.9036772,-3.1288952341445135
20,29,"[[-0.8454062   0.532815   -0.03732824  0.09717578]
 [-0.00512706 -0.07797857 -0.99694175 -0.8165283 ]
 [-0.53409636 -0.84262943  0.06865524 -0.7628827 ]]","[[ 846 4026 1074 ... 1787  958 1777]
 [ 534 1126  428 ... 1140 3848  321]
 [ 817 3507  389 ... 2411 1069 2494]]",MOVE:445.2000000000001,"[[ 8.98448040e-01  4.39076259e-01  2.96942799e-05  2.56671755e-01]
 [-1.97120711e-02  4.02686788e-02  9.98994314e-01 -1.80042021e-03]
 [ 4.38633517e-01 -8.97545148e-01  4.48346191e-02  3.38836171e-01]
 [ 0.00000000e+00  0.00000000e+00  0.00000000e+00  1.00000000e+00]]",0.25667175532805336,-0.0018004202094998867,0.33883617083265716,-26.04496897367562,0.0016894213650867347,-87.43029938881126,0.0,0.0,"[array([37.04173822, 17.5096471 , 21.32051606, 48.68783685]), array([33.88214215, 16.27090167, 20.36324802, 45.48892728]), array([41.2319131 , 17.52443723, 23.19028936, 48.52175608])]",37.38526448925981,17.101661997064024,21.624684480103017,47.566173404437954,37.04173821785351,17.50964709568274,21.320516059111835,48.68783685394478,0.15786251,0.34086984,0.15984307,0.34090427,0.22593640479515478,0.40172765060233545,153.95503102632438,142.13475,0.40303244028072527,-24.23370361328125,0.40303244028072527,24.636736053561975,445,0.1117635663184478,0.11124968425272569,0.13649017,-0.0005138820657221155,-0.025240481934560688,151.64247667267875,0.23535238527785038,0.39950721291937574,2.687022191419385,2.64666050381694,0.0,0.007034243075246075,2.4807193,-0.42295791800420446
21,30,"[[-0.84973556  0.5257432  -0.03928519  0.15322588]
 [-0.00375911 -0.0805553  -0.99674284 -0.8176917 ]
 [-0.5271955  -0.84682024  0.07042713 -0.8590313 ]]","[[3466    0    0 ... 2112 1781 1844]
 [1194 1532  737 ... 2966  806  483]
 [3820    0 2454 ... 1996 1448 2139]]",MOVE:445.2000000000001,"[[ 8.94805833e-01  4.46454931e-01 -4.55268914e-04  3.08967146e-01]
 [-2.07704185e-02  4.26475464e-02  9.98874051e-01 -4.93600032e-03]
 [ 4.45971826e-01 -8.93788983e-01  4.74344624e-02  2.40637991e-01]
 [ 0.00000000e+00  0.00000000e+00  0.00000000e+00  1.00000000e+00]]",0.3089671461781153,-0.004936000320762024,0.2406379910064338,-26.516471884431407,-0.026088581832659056,-87.28118149678205,0.0,0.0,"[array([33.61426797, 13.49770525, 25.34234618, 53.20063732]), array([28.7064255 , 13.95879301, 25.30536637, 50.4238988 ]), array([17.02827873, 13.8537332 , 30.25427171, 51.06512089])]",26.44965739948816,13.77007715199934,26.96732808675235,51.56321900702812,33.614267966356984,13.497705250029583,25.342346180241194,53.20063732482293,0.19545028,0.22265376,0.1686131,0.27870098,0.27771529071045525,0.30327441435442265,153.4835281155686,162.36151,-0.47150291075581663,20.226760864257812,-0.47150291075581663,-20.69826377501363,445,0.1117635663184478,0.11123889946559626,0.1240479,-0.0005246668528515464,-0.012808998290503443,151.64247667267875,0.2884369436517523,0.3011551696337079,2.6787929131939596,2.64666050381694,0.0,-0.008229278225425985,2.8337429,0.35302357409483265
22,31,"[[-0.84580934  0.53206265 -0.03890306  0.20906112]
 [-0.00481309 -0.08053029 -0.99674016 -0.8187618 ]
 [-0.5334614  -0.8428656   0.07067355 -0.9552099 ]]","[[ 332 1713 1412 ... 3383  346    0]
 [3261    0 2268 ... 2998 1142 1911]
 [ 428 3802  161 ... 2209 1955 1748]]",MOVE:445.2000000000001,"[[ 8.98108123e-01  4.39771580e-01 -8.65636921e-04  3.61397329e-01]
 [-1.99973669e-02  4.28064968e-02  9.98882823e-01 -8.16623987e-03]
 [ 4.39317161e-01 -8.97087927e-01  4.72388269e-02  1.42609009e-01]
 [ 0.00000000e+00  0.00000000e+00  0.00000000e+00  1.00000000e+00]]",0.3613973285611331,-0.008166239868652059,0.14260900909661167,-26.08931079470168,-0.049603632543109254,-87.29237868522071,0.0,0.0,"[array([22.46718566, 12.31050282, 34.12082061, 51.92532688]), array([23.50557625, 10.65683347, 33.22777594, 52.00812782]), array([12.63042207,  9.15377603, 34.1235433 , 53.35623676])]",19.534394660272312,10.707037439688031,33.82404661640091,52.42989715188505,22.467185659639572,12.310502821782595,34.12082061198464,51.925326881561745,0.25991553,0.09257116,0.2646435,0.14131914,0.33061331484363715,0.2054766836157238,153.91068920529833,153.63829,0.42716108972973643,-8.723220825195312,0.42716108972973643,9.150381914925049,445,0.1117635663184478,0.1111872164182274,0.14518008,-0.000576349900220402,-0.03399285994247511,151.64247667267875,0.3415215020256543,0.20280312634804015,2.6862482806461507,2.64666050381694,0.0,0.007455367452190836,2.681494,-0.15224892477819493
23,33,"[[-0.7075194  -0.7058081   0.03536292  0.04154387]
 [ 0.01847567 -0.06849649 -0.99748003 -0.8204888 ]
 [ 0.70645195 -0.7050832   0.06150272 -1.0252899 ]]","[[   0 2625 2104 ... 1722 1635  989]
 [ 376 2855 2400 ... 1674 1366 1666]
 [1179 1739 2221 ... 1695  474 2530]]",MOVE:445.2000000000001,"[[-0.22920808  0.9728483  -0.0320781   0.50906975]
 [ 0.0128755   0.0359828   0.99926923 -0.00974651]
 [ 0.97329199  0.2286276  -0.02077382  0.24828101]
 [ 0.          0.          0.          1.        ]]",0.5090697508463902,-0.009746508091902584,0.24828101178896944,-103.25742249406545,-1.8382720045709908,-91.19094456476017,-402.0,-76.45307281,"[array([ 9.56347473, 19.0289604 , 44.5520386 , 42.89245796]), array([22.04607962, 21.81732754, 47.949942  , 45.68212228]), array([25.15927687, 22.46804534, 46.18336555, 46.62608061])]",18.922943740172354,21.104777760567178,46.22844871915271,45.066886948924044,9.563474728001323,19.02896040112425,44.55203860172683,42.89245795871608,0.41887823,0.20859829,0.45739844,0.09568838,0.44093528178087454,0.2322281576763733,76.74257750593455,53.874233,-77.16811169936375,-99.76405334472656,-0.715038889363754,22.595941645362814,445,0.1117635663184478,0.11351906339165463,0.19680303,0.0017554970732068242,-0.08328396996024356,75.18940386267877,0.44957185021030016,0.23137263830388,1.339410653945496,1.312302660015487,-1.334357843801453,-0.01247978289920097,0.94028276,-1.74121120600074
24,34,"[[-0.70784324 -0.70570314  0.03066805 -0.0391552 ]
 [ 0.01998136 -0.06340314 -0.99778783 -0.8205123 ]
 [ 0.7060865  -0.7056648   0.05898051 -1.1023033 ]]","[[3682 1733 1299 ...  816 1835 3847]
 [ 768 1449 3800 ... 2936  130 3433]
 [ 323 3318  484 ...  171 2151 1316]]",MOVE:445.2000000000001,"[[-0.22878584  0.97308941 -0.02745499  0.61693571]
 [ 0.01135456  0.03086847  0.99945885 -0.01326974]
 [ 0.97341029  0.22835026 -0.0181113   0.27649309]
 [ 0.          0.          0.          1.        ]]",0.6169357148649142,-0.013269736667081866,0.276493094393353,-103.23068236182839,-1.5732501429618033,-91.03815359892207,0.0,0.0,"[array([13.73290711, 28.39450633, 55.3771317 , 34.20591477]), array([18.41727634, 27.80685509, 59.70972598, 34.09603151]), array([13.49059626, 24.15896486, 50.67308475, 29.36042709])]",15.213593236085366,26.78677542709634,55.25331414470458,32.554124456828625,13.732907109960069,28.394506331092437,55.377131700515356,34.20591477047691,0.56627536,0.23048434,0.56574965,0.23143375,0.5487937612991327,0.2604720406128151,76.76931763817161,81.55423,0.02674013223706595,27.679996490478516,0.02674013223706595,-27.65325635824145,445,0.1117635663184478,0.11149515024124566,0.14901313,-0.000268416077202141,-0.03751798161567267,75.18940386267872,0.557622198394946,0.25994215025972,1.3398773572954514,1.312302660015486,0.0,0.00046670334995547774,1.4233898,0.4831070756993254
25,35,"[[-0.7124661  -0.7010175   0.03108205 -0.12002335]
 [ 0.02140903 -0.06599082 -0.99758995 -0.8224021 ]
 [ 0.7013791  -0.71008384  0.06202438 -1.1813793 ]]","[[ 949  718 1614 ... 2591  820  340]
 [2891  800  890 ...   32 2817  943]
 [ 786 2430  386 ... 2973  282 2775]]",MOVE:445.2000000000001,"[[-0.22241099  0.97448264 -0.03026709  0.72671604]
 [ 0.00971182  0.03325772  0.99939904 -0.01502187]
 [ 0.97490411  0.22198398 -0.01686058  0.30372288]
 [ 0.          0.          0.          1.        ]]",0.7267160400160788,-0.01502186969195407,0.30372288477831777,-102.85669428899315,-1.7344392286262622,-90.96654716201826,0.0,0.0,"[array([ 6.77178876, 27.93804993, 56.15326971, 18.36420114]), array([13.76750453, 29.0244184 , 54.55300379, 20.98855532]), array([ 7.80048763, 28.50569599, 60.92268745, 19.75663762])]",9.446593639492166,28.48938810561424,57.2096536529729,19.703131361491234,6.771788759395973,27.938049926406407,56.153269713013565,18.364201144035338,0.7762243,0.2268116,0.8230744,0.20295851,0.6584709642174333,0.28814695369099164,77.14330571100685,91.0022,0.37398807283523183,9.447967529296875,0.37398807283523183,-9.073979456461643,445,0.1117635663184478,0.11311494001177175,0.20998108,0.0013513736933239429,-0.09686614385816233,75.18940386267872,0.6656725465795919,0.28851166221556,1.3464046805296146,1.312302660015486,0.0,0.00652732323416316,1.588288,0.16489814100774428
26,37,"[[ 0.84990627  0.5252774  -0.04173551  0.02783429]
 [-0.01921232 -0.04826164 -0.9986497  -0.82116807]
 [-0.5265826   0.8495606  -0.03092639 -0.9787985 ]]","[[3272  797 4095 ... 1382 1203 1792]
 [2067 1977 1213 ...  816 2583  326]
 [3328  211 3522 ... 1577 1260 2279]]",MOVE:445.2000000000001,"[[ 0.00153714 -0.99620295  0.08704075  0.47679194]
 [-0.00389436  0.08703411  0.99619748 -0.00697871]
 [-0.99999074 -0.00187017 -0.00374619  0.28434131]
 [ 0.          0.          0.          1.        ]]",0.4767919447657715,-0.006978707196583667,0.28434131239740357,89.9116279675482,4.993402096946435,-90.2154460266534,-882.0,-166.74754801,"[array([17.38265168, 26.15548292, 51.10738818, 31.11640388]), array([14.81986406, 27.70892457, 45.86348459, 31.48820326]), array([22.40150916, 28.7521424 , 52.61738921, 34.23786001])]",18.20134163340673,27.53884996194545,49.86275399512075,32.28082238327769,17.382651680305738,26.15548291601354,51.10738818003167,31.116403881067196,0.53328675,0.25954258,0.5535938,0.24607065,0.5467918615027091,0.28444927915990315,-90.08837203245179,-82.32674,-167.23167774345865,-173.3289337158203,-0.4841297334586443,6.0972559723616655,445,0.1117635663184478,0.11174030060861566,0.24513257,-2.326570983214593e-05,-0.13339226488973638,-91.55814414732129,0.5539503053209627,0.285472655080536,-1.5723387097278596,-1.5979910723863326,-2.9102937324018185,-0.008449657855655898,-1.4368726,-3.0251605823120737
27,38,"[[ 0.85215294  0.5219835  -0.03693498  0.08956085]
 [-0.01572023 -0.04501449 -0.99886245 -0.81941354]
 [-0.5230526   0.8517644  -0.03015436 -0.8850461 ]]","[[1013 1745 1117 ...  508 2307 1052]
 [2504 1632 1356 ... 1494 1073 2999]
 [ 435 3050    0 ... 3263  997 1165]]",MOVE:445.2000000000001,"[[-0.00277944 -0.99647073  0.08386971  0.3646054 ]
 [-0.00722152  0.08388712  0.99644886 -0.00444418]
 [-0.99996794  0.00216404 -0.00742963  0.28109926]
