,index,vive_data,vlp_data,last_cmd,transformed_vive,vive_x,vive_y,vive_z,vive_yaw,vive_pitch,vive_roll,encoder_heading_change_step,encoder_heading_change,pks,L1,L2,L3,L4,L1_test,L2_test,L3_test,L4_test,vlp_x_hist,vlp_y_hist,vlp_x_hist_test,vlp_y_hist_test,x_hist,y_hist,heading_hist,vlp_heading_hist,vive_heading_change,vlp_heading_change,encoder_heading_change_err,vlp_heading_change_err,encoder_location_change_step,encoder_location_change,vive_location_change,vlp_location_change,encoder_location_change_err,vlp_location_change_err,encoder_heading_hist,encoder_x_hist,encoder_y_hist,heading_hist_rad,encoder_heading_hist_rad,encoder_heading_change_rad,encoder_heading_change_err_rad,vlp_heading_hist_rad,vlp_heading_change_rad
0,3,"[[ 0.5165129  -0.8556136   0.03375881  0.36496976]
 [ 0.00309206 -0.03756099 -0.99928963 -0.80717736]
 [ 0.8562738   0.51625025 -0.0167551  -0.63983643]]","[[2472 3021  914 ... 2756  576 3198]
 [ 938 3411  424 ... 1197 1922 1491]
 [2229  383 3359 ... 1335 2406 1374]]",MOVE:445.2000000000001,"[[-9.99646850e-01  2.59104802e-02  5.89060342e-03  8.68878458e-04]
 [ 6.94162414e-03  4.06608029e-02  9.99148973e-01  1.01566200e-02]
 [ 2.56488890e-02  9.98836879e-01 -4.08263292e-02  2.02451911e-01]
 [ 0.00000000e+00  0.00000000e+00  0.00000000e+00  1.00000000e+00]]",0.0008688784584279796,0.010156619999122762,0.20245191074650326,-178.51524627541573,0.33751046504999926,-92.33986602666064,,0.0,"[array([29.60919831,  6.94915057,  9.93051307, 68.24409722]), array([18.86496436,  7.21550141, 17.43639021, 70.24191626]), array([13.22272183,  4.87961301, 17.01524001, 67.22643331])]",20.56562816398481,6.348088329411951,14.794047766414195,68.57081559416413,29.60919830744111,6.949150565540407,9.930513072163572,68.2440972157007,-0.0022475817,0.091539465,-0.05163989,0.21703239,-0.0009448874020947997,0.13247541288184014,1.484753724584266,,,,,,445,0.1117635663184478,,,,,1.484753724584266,-0.0009448874020947997,0.13247541288184014,0.025913841075244515,0.025913841075244515,0.0,,,
1,4,"[[ 0.5217396  -0.85257196  0.03014561  0.2715652 ]
 [ 0.00832596 -0.03024588 -0.9995077  -0.8048075 ]
 [ 0.85306406  0.52173376 -0.00868201 -0.5794078 ]]","[[3713 1020 2540 ...    0 1918 2599]
 [1425 3086  835 ... 2241 1386 2209]
 [2194 1321 3775 ... 2048  398 3258]]",MOVE:445.2000000000001,"[[-9.99807682e-01  1.95794614e-02  1.03461060e-03  2.02237745e-04]
 [ 1.68849152e-03  3.34096759e-02  9.99440228e-01  8.16699612e-03]
 [ 1.95338739e-02  9.99249880e-01 -3.34363227e-02  3.13704971e-01]
 [ 0.00000000e+00  0.00000000e+00  0.00000000e+00  1.00000000e+00]]",0.00020223774450045529,0.008166996122166426,0.3137049710652632,-178.87810912645665,0.05928040256241081,-91.91611982286562,0.0,0.0,"[array([39.50748759,  8.59840568, 21.08777237, 66.95424916]), array([23.0087811 ,  8.13804115, 15.61116972, 63.85480807]), array([38.35564297,  8.74282045, 14.07284845, 64.40180645])]",33.623970550731215,8.493089091574197,16.9239301773982,65.07028789177394,39.50748758774418,8.598405680838084,21.087772367628844,66.95424915904741,0.033075176,0.26367283,0.07557835,0.29132393,-0.001168322943374665,0.2437183897556946,1.1218908735433502,11.59644,-0.36286285104091576,,-0.36286285104091576,,445,0.1117635663184478,0.11124320126280987,0.1757202,-0.0005203650556379336,-0.06447699867977894,1.484753724584266,0.0019510117556005185,0.2442014551651258,0.019580689591406804,0.025913841075244515,0.0,-0.006333151483837713,0.20239606,
2,5,"[[ 0.52007216 -0.85356843  0.03064503  0.17779322]
 [ 0.01084694 -0.02927449 -0.9995124  -0.803479  ]
 [ 0.85404956  0.520151   -0.00596562 -0.518802  ]]","[[2308  483 3152 ... 1540 1039 1713]
 [1551 2181  490 ...  963 3880   38]
 [2385  419 3484 ... 3587 1003 1948]]",MOVE:445.2000000000001,"[[-9.99765661e-01  2.14399634e-02 -1.52325735e-03 -4.05588039e-04]
 [-8.26517298e-04  3.24196918e-02  9.99473830e-01  7.21960570e-03]
 [ 2.14780686e-02  9.99240933e-01 -3.23950044e-02  4.25359563e-01]
 [ 0.00000000e+00  0.00000000e+00  0.00000000e+00  1.00000000e+00]]",-0.0004055880389874922,0.0072196056990603275,0.42535956261760116,-178.77145298697658,-0.08724743856849083,-91.85641923285759,0.0,0.0,"[array([35.83160346, 11.5076076 , 10.02214744, 63.91482202]), array([38.22065844,  9.99130078, 13.11547221, 57.17269224]), array([47.04967495, 10.87253942, 12.63800132, 58.1733375 ])]",40.367312285298446,10.790482597496235,11.925206987299228,59.753617255363146,35.83160345888212,11.507607595653882,10.022147438710835,63.914822022043246,0.00077294995,0.3472347,-0.008670449,0.32160565,-0.0019064263541937747,0.35537565386457703,1.228547013023416,-21.134836,0.1066561394800658,-32.73127746582031,0.1066561394800658,32.83793360530038,445,0.1117635663184478,0.11165970367561338,0.08958805,-0.00010386264283442082,0.022071650151119213,1.484753724584266,0.004846910913295837,0.3559274974484115,0.021442190392800264,0.025913841075244515,0.0,0.0018615008013934612,-0.36887246,-0.5712685601623902
3,6,"[[ 0.5096387  -0.85944873  0.0401313   0.08283676]
 [ 0.01024929 -0.04057478 -0.99912375 -0.80308133]
 [ 0.8603239   0.50960356 -0.01187018 -0.45818534]]","[[1932 1357  515 ... 2216 3098  379]
 [2900 1527 2106 ... 1467 1870 3437]
 [ 629 3429  629 ... 1830 1015 3102]]",MOVE:445.2000000000001,"[[-9.99430735e-01  3.36060575e-02 -1.65786076e-03 -3.75662441e-04]
 [-1.91285262e-04  4.35969865e-02  9.99048994e-01  7.20006892e-03]
 [ 3.36462831e-02  9.98480925e-01 -4.35666422e-02  5.38015069e-01]
 [ 0.00000000e+00  0.00000000e+00  0.00000000e+00  1.00000000e+00]]",-0.0003756624409481657,0.007200068919047675,0.5380150686202831,-178.0741501349476,-0.09498661515920007,-92.49696017563753,0.0,0.0,"[array([45.07811403, 13.45625426,  9.00352295, 45.99780093]), array([52.54479076, 11.70162077,  8.81444782, 43.46534235]), array([54.75923   , 13.9627204 , 10.99618747, 45.60256912])]",50.794044928319984,13.040198473584567,9.604719410958651,45.02190413367027,45.07811402633348,13.456254257959891,9.003522950042928,45.997800932556984,-0.013972371,0.48563218,-0.017910836,0.4629797,-0.0027280888957709804,0.4680546077171798,1.9258498650524132,-6.0815377,0.6973028520289972,15.053298950195312,0.6973028520289972,-14.355996098166315,445,0.1117635663184478,0.11268194962215208,0.13918078,0.0009183833037042788,-0.026498829834940202,1.484753724584266,0.007742810070991154,0.4676535397316972,0.03361242104425309,0.025913841075244515,0.0,0.012170230651452825,-0.106142856,0.2627296299679141
4,8,"[[ 0.08716663 -0.9951416   0.0457597  -0.03754152]
 [ 0.01501671 -0.04461676 -0.998891   -0.8016793 ]
 [ 0.9960803   0.08775736  0.01105474 -0.47361642]]","[[1826 1897  517 ... 2236 3460  308]
 [ 736 3083  304 ...  429 2159 2071]
 [3365 2258 1962 ... 1189 2666 3362]]",MOVE:445.2000000000001,"[[-0.88646208  0.46217712 -0.02400864  0.07741381]
 [-0.00464149  0.04299565  0.99906417  0.0053368 ]
 [ 0.46277735  0.88574406 -0.03596879  0.63116194]
 [ 0.          0.          0.          1.        ]]",0.07741380940165982,0.005336798811027221,0.6311619415313989,-152.46368563294487,-1.3757370680163952,-92.06191127513803,129.0,25.456456470000003,"[array([52.5742405 , 18.09280244, 10.17287727, 37.7014988 ]), array([59.68121259, 18.13763015, 13.63768597, 36.05679131]), array([54.54042033, 18.05290335,  7.66083198, 35.55184683])]",55.59862447343253,18.094445311721497,10.490465073996775,36.43671231417866,52.57424050253719,18.09280243710572,10.172877268392847,37.70149880005422,0.037881076,0.55211526,0.03598711,0.54063255,0.04505205952004571,0.569091681788106,27.536314367055127,37.95243,25.610464502002714,44.03396987915039,0.15400803200271085,-18.423505377147677,445,0.1117635663184478,0.111765079159151,0.08431359,1.5128407031966828e-06,0.027451492804895325,26.94121019458427,0.0583802019684138,0.5672876167236828,0.48059934956933037,0.4702128223673577,0.44429898129211315,0.002687947232964101,0.6623949,0.7685377571151839
5,9,"[[ 0.09218526 -0.9949614   0.03941689 -0.14937714]
 [ 0.01712171 -0.03799571 -0.9991312  -0.798691  ]
 [ 0.9955945   0.09278005  0.01353281 -0.4586603 ]]","[[2945  789 1039 ... 2762 2735  992]
 [ 761  985 3917 ... 3254  595 1734]
 [1282  400 3664 ... 2920  267 1793]]",MOVE:445.2000000000001,"[[-0.8887752   0.45778162 -0.02268016  0.12498187]
 [-0.00673864  0.03642663  0.9993136   0.00221865]
 [ 0.45829349  0.8883181  -0.02929027  0.73347215]
 [ 0.          0.          0.          1.        ]]",0.12498187342644057,0.002218646521907952,0.7334721472542527,-152.748357917083,-1.2995856771985588,-91.67887815289787,0.0,0.0,"[array([70.06798687, 22.81397375,  4.50458896, 27.21731642]), array([69.54992493, 21.94091413, 10.02745763, 27.14654037]), array([57.88740667, 22.51498193,  2.61734903, 26.86431846])]",65.8351061543744,22.423289934916642,5.716465206543661,27.076058418458967,70.06798686616183,22.813973745114765,4.504588956321106,27.21731642027634,0.042776357,0.6894634,0.04087972,0.7023396,0.0929289158505682,0.6712418659545565,27.251642082916987,2.0412383,-0.2846722841381393,-35.91119384765625,-0.2846722841381393,35.62652156351811,445,0.1117635663184478,0.11281335691013385,0.13743532,0.0010497905916860423,-0.0246219601293559,26.94121019458427,0.10901759386583645,0.6669216937156685,0.475630880921947,0.4702128223673577,0.0,-0.004968468647383359,0.03562633,-0.6267685709635326
6,11,"[[-0.92549026 -0.37876418  0.00153021 -0.1516563 ]
 [ 0.0233714  -0.06113596 -0.99785566 -0.7986305 ]
 [ 0.3780455  -0.92347     0.06543308 -0.6310315 ]]","[[2242 2537 1894 ...    0 4095 1615]
 [2378 2780 1380 ...   28 1703 3011]
 [2497  759  829 ... 1685 3173  658]]",MOVE:445.2000000000001,"[[ 1.79383148e-01  9.82700036e-01 -4.60344639e-02  2.71464312e-01]
 [-2.18535918e-02  5.07619499e-02  9.98471533e-01  3.95205826e-04]
 [ 9.83534926e-01 -1.78102930e-01  3.05807129e-02  6.42606301e-01]
 [ 0.00000000e+00  0.00000000e+00  0.00000000e+00  1.00000000e+00]]",0.271464312466736,0.0003952058261442737,0.6426063014386246,-79.65502300878886,-2.6384902741814695,-88.2457030793433,383.0,73.59372621,"[array([54.93073222, 29.66711924, 11.39611149, 28.69505977]), array([60.68798311, 30.48534897, 15.26279771, 29.86304223]), array([54.99617089, 28.57126164, 15.81064955, 28.50619083])]",56.87162873919041,29.574576617790722,14.156519583211564,29.021430944056764,54.930732216418065,29.667119242734753,11.396111489603685,28.69505976718757,0.2061483,0.6024848,0.17357375,0.6274143,0.20260220616947167,0.6551765168824533,100.34497699121114,118.03065,73.09333490829415,115.98941040039062,-0.5003913017058466,-42.89607549209647,445,0.1117635663184478,0.11084370099461228,0.18508284,-0.0009198653238355198,-0.0742391369446501,100.53493640458427,0.2188972294428888,0.6464873979932255,1.7513502363345874,1.7546656535431056,1.284452831175748,-0.00873347576310734,2.0600233,2.024397108933771
7,12,"[[-0.9238554  -0.3827341  -0.00157326 -0.19738075]
 [ 0.02700911 -0.06109558 -0.9977663  -0.79791903]
 [ 0.3817832  -0.9218342   0.06678141 -0.733461  ]]","[[2880  647 2481 ... 1565 2882  927]
 [1169 2980 2559 ...  139  999 3239]
 [1407 3587 3029 ... 2961 1012 3441]]",MOVE:445.2000000000001,"[[ 0.17531719  0.98345812 -0.04550098  0.38238747]
 [-0.02544887  0.05072822  0.9983881  -0.00147586]
 [ 0.98418137 -0.17387659  0.03392226  0.62600548]
 [ 0.          0.          0.          1.        ]]",0.38238747400170375,-0.0014758630417889274,0.6260054791429319,-79.8921943232791,-2.6079397666560866,-88.05403017312472,0.0,0.0,"[array([52.68036296, 40.5863589 , 19.97867366, 27.24271228]), array([51.00795882, 42.04326416, 18.756863  , 27.18374928]), array([54.65525302, 42.53707951, 14.94261364, 27.80352249])]",52.781191599962604,41.722234188187485,17.89271676899856,27.409994682968698,52.680362959174865,40.58635889801659,19.97867366472043,27.24271228186187,0.30822444,0.6062211,0.31554076,0.5950331,0.3134739244160763,0.638290538504175,100.1078056767209,87.903755,-0.2371713144902401,-30.12689208984375,-0.2371713144902401,29.88972077535351,445,0.1117635663184478,0.11215023037313014,0.1021445,0.0003866640546823369,0.010005728269801437,100.53493640458427,0.32877686501994113,0.6260531022707826,1.7472108160054498,1.7546656535431056,0.0,-0.004139420329137626,1.53421,-0.5258134603608088
8,13,"[[-0.9268788  -0.3752872   0.00725056 -0.2423615 ]
 [ 0.01825695 -0.06436802 -0.997759   -0.79716694]
 [ 0.37491295 -0.92466974  0.06651212 -0.83574516]]","[[3512 3361  539 ... 1330 3521 1038]
 [ 294  683 3329 ...  950 2104 1992]
 [2574    0 1394 ... 1569 1711 1763]]",MOVE:445.2000000000001,"[[ 0.18282128  0.98187154 -0.050024    0.49278739]
 [-0.01677486  0.05399039  0.99840031 -0.00338422]
 [ 0.9830017  -0.18168981  0.02634106  0.60885629]
 [ 0.          0.          0.          1.        ]]",0.49278738823113905,-0.003384219800277255,0.6088562945851392,-79.45242551018517,-2.867377795510029,-88.4886589508689,0.0,0.0,"[array([46.95223309, 54.7820199 , 23.36568367, 23.71923837]), array([36.0488149 , 52.55931226, 27.25192655, 23.63748823]), array([38.60641484, 52.15399103, 31.4438886 , 23.24107439])]",40.53582094538873,53.16510772980754,27.35383294042998,23.532600331663414,46.952233090839876,54.78201990149746,23.36568366860858,23.719238374711264,0.45557603,0.58081686,0.42018962,0.6213916,0.42397016053977865,0.6216699268912208,100.54757448981483,99.78194,0.43976881309393434,11.878181457519531,0.43976881309393434,-11.438412644425597,445,0.1117635663184478,0.11173926314368487,0.14952546,-2.4303174762929647e-05,-0.03778620043740033,100.53493640458427,0.4386565005969935,0.6056188065483397,1.7548862297415266,1.7546656535431056,0.0,0.0076754137360767055,1.7415233,0.2073133755830548
9,14,"[[-0.9244946  -0.381185   -0.00229762 -0.28707832]
 [ 0.02673138 -0.05881817 -0.9979104  -0.7960075 ]
 [ 0.38025337 -0.9226249   0.06456582 -0.9365532 ]]","[[2353 2206    0 ... 3276    0 1347]
 [ 864 3173  778 ...  266 3455  540]
 [4095 1472  533 ... 2074 1519 3159]]",MOVE:445.2000000000001,"[[ 0.1769532   0.98326791 -0.04324256  0.60179727]
 [-0.02518836  0.04844679  0.99850774 -0.00568418]
 [ 0.98389563 -0.17560007  0.03333958  0.59228064]
 [ 0.          0.          0.          1.        ]]",0.6017972676668422,-0.005684177900268428,0.5922806364842199,-79.79793378110476,-2.478412109979056,-88.08759155888252,0.0,0.0,"[array([21.89377808, 61.28122479, 36.84110078, 18.10897899]), array([36.21418871, 63.56271203, 32.47092273, 18.62295535]), array([46.72603664, 68.02834643, 28.29317053, 21.42808853])]",34.94466781144964,64.290761083036,32.535064681251,19.38667428945431,21.893778083538173,61.28122478665912,36.84110078420946,18.108978985551325,0.5370326,0.5885834,0.64209676,0.5249343,0.5329040221798875,0.6046790527651089,100.20206621889524,84.55355,-0.3455082709195949,-15.228385925292969,-0.3455082709195949,14.882877654373374,445,0.1117635663184478,0.11025096831953796,0.08182599,-0.0015125979989098481,0.028424981814983208,100.53493640458427,0.548536136174046,0.5851845108258967,1.748855972821107,1.7546656535431056,0.0,-0.0060302569204195074,1.4757378,-0.2657854741607255
10,16,"[[-0.99251634  0.11910807 -0.02686584 -0.24316934]
 [ 0.02008373 -0.05777264 -0.99812734 -0.7967981 ]
 [-0.1204375  -0.9911977   0.05494723 -1.0544535 ]]","[[1127 2823 2019 ... 1381 2191    0]
 [2521 1584 1643 ... 1799 3470  509]
 [ 958 1342 2733 ...    0 3896 2078]]",MOVE:445.2000000000001,"[[ 0.63556465  0.77173514 -0.02190977  0.67752276]
 [-0.02381702  0.04796578  0.99856459 -0.00598463]
 [ 0.7716784  -0.63413047  0.04886605  0.49180841]
 [ 0.          0.          0.          1.        ]]",0.6775227577140868,-0.005984633094869185,0.49180841488899585,-50.52667224705416,-1.2554803597075548,-87.1983563573316,152.0,29.815343100000003,"[array([17.20239776, 58.20644159, 44.12279248, 16.63673731]), array([11.5482956 , 60.99800732, 46.96613194, 20.14350514]), array([16.16511772, 57.40332185, 43.34859015, 19.25567994])]",14.971937025070494,58.86925692011287,44.81250485511553,18.678640795870347,17.202397762475087,58.2064415913843,44.12279248095556,16.636737306144912,0.7080041,0.45596847,0.7163634,0.47353515,0.6234883152964193,0.5363087410969214,129.47332775294583,127.79913,29.271261534050595,43.245582580566406,-0.5440815659494085,-13.974321046515811,445,0.1117635663184478,0.11349014792935488,0.21637464,0.0017265816109070797,-0.10288448776705625,130.35027950458428,0.6337112003958812,0.5128222057836697,2.259735862802656,2.2750415582498786,0.520375904706773,-0.009496014725223847,2.2305157,0.7547778029739898
11,17,"[[-0.9917096   0.12504783 -0.02946348 -0.23247826]
 [ 0.02157118 -0.0639914  -0.997717   -0.79764074]
 [-0.12664786 -0.99008113  0.06076304 -1.166262  ]]","[[ 354 2389 1306 ...  945  484 1578]
 [3944    0 2373 ... 3444 2278 1348]
 [3508  912  830 ... 1772 2466 2104]]",MOVE:445.2000000000001,"[[ 0.64034901  0.76765871 -0.02541649  0.7659965 ]
 [-0.02536566  0.05421058  0.99820702 -0.00625485]
 [ 0.7676605  -0.63855605  0.05418721  0.42260955]
 [ 0.          0.          0.          1.        ]]",0.7659964981276481,-0.0062548483595129545,0.42260955180437487,-50.16639710822299,-1.4564814702461315,-86.89276886581837,0.0,0.0,"[array([18.20852117, 52.27455942, 53.11417983, 16.74107601]), array([18.30542272, 63.94738275, 61.31245244, 20.99315533]), array([ 8.83024419, 61.41433889, 54.98032346, 19.23390646])]",15.114729359556273,59.212093686662136,56.468985244967335,18.989379266081006,18.2085211672199,52.27455942168837,53.11417982980649,16.74107601036876,0.71698576,0.4309961,0.7259444,0.4392565,0.7122429395804888,0.46744876392409335,129.83360289177702,160.2182,0.36027513883118445,32.4190673828125,0.36027513883118445,-32.058792243981316,445,0.1117635663184478,0.11233467758465651,0.026538456,0.000571111266208707,0.08579622172582987,130.35027950458428,0.7188862646177165,0.4404599007414426,2.26602385018834,2.2750415582498786,0.0,0.0062879873856838435,2.7963352,0.5658194662559791
12,19,"[[ 0.19527939  0.9781807  -0.07090066 -0.06309568]
 [-0.00748565 -0.07080352 -0.9974619  -0.8008016 ]
 [-0.9807185   0.19531475 -0.00650478 -1.065823  ]]","[[1357 2353 1928 ...  493 3533  229]
 [ 522 2789 2364 ... 2749 1083 3653]
 [1751 1253 2896 ... 4095    0 3528]]",MOVE:445.2000000000001,"[[ 0.72140088 -0.69044167  0.05357283  0.59020974]
 [-0.00201923  0.07526113  0.99716153 -0.00164251]
 [-0.69251392 -0.71946129  0.05289917  0.33391795]
 [ 0.          0.          0.          1.        ]]",0.5902097436309497,-0.0016425096253473992,0.33391795387230183,43.74381806949705,3.0709525496382937,-86.96330636208116,491.0,94.06154169,"[array([19.97112167, 41.2284222 , 56.35101439, 25.79974325]), array([16.62604753, 48.70990713, 57.85283957, 28.79751437]), array([15.39865245, 48.14822539, 65.77446224, 29.32845881])]",17.331940550334433,46.02885157204248,59.99277206448269,27.975238811421917,19.971121667995703,41.22842219637244,56.35101438699015,25.799743254787032,0.61763144,0.35601553,0.6116981,0.35637522,0.6386102014896925,0.38448865368023466,-136.25618193050295,-127.04107,93.91021517772003,72.74072265625,-0.1513265122799652,21.169492521470033,445,0.1117635663184478,0.11092411825397121,0.12447236,-0.0008394480644765973,-0.013548239078735244,-135.58817880541574,0.6406729211548821,0.36062402120985126,-2.37811900088368,-2.3664601469372966,1.6416836019924115,-0.0026411458848450238,-2.217285,1.269565110631598
13,20,"[[ 0.19695935  0.97792035 -0.06984611  0.04749279]
 [-0.00715209 -0.06980647 -0.99753475 -0.8033308 ]
 [-0.9803855   0.19697347 -0.00675494 -1.0484242 ]]","[[2580 1034 3039 ... 2419 2302 1297]
 [   0 2738 1152 ...  189 2063 2225]
 [3426 2569 3852 ... 1188 2565 1138]]",MOVE:445.2000000000001,"[[ 0.72021262 -0.69170924  0.05321669  0.51604324]
 [-0.00234513  0.07428038  0.99723448  0.00134322]
 [-0.69374932 -0.71834564  0.05187555  0.25007682]
 [ 0.          0.          0.          1.        ]]",0.5160432352557998,0.0013432158038714226,0.2500768182315811,43.843493396806984,3.0505324070145705,-87.02218542944742,0.0,0.0,"[array([13.33878825, 33.11887776, 63.87640607, 38.87801457]), array([15.05098756, 28.95797666, 57.83525721, 34.2996847 ]), array([18.28355415, 33.13593047, 65.0020613 , 37.84443574])]",15.557776652298159,31.73759496213272,62.23790819213422,37.00737833557738,13.33878824621372,33.118877760558995,63.87640606559194,38.87801456970691,0.54912555,0.24798626,0.55712104,0.24148051,0.5645315957873459,0.3005632410892445,-136.156506603193,-147.6195,0.09967532730993867,-20.57843780517578,0.09967532730993867,20.67811313248572,445,0.1117635663184478,0.11194246156562607,0.12791944,0.00017889524717826233,-0.015976973935472566,-135.58817880541574,0.5624595776920476,0.28078814167825994,-2.3763793382391185,-2.3664601469372966,0.0,0.0017396626445614523,-2.5764465,-0.35916149461719277
14,21,"[[ 0.18944076  0.9791805  -0.07292017  0.15762094]
 [-0.00753334 -0.0728133  -0.99731696 -0.80508137]
 [-0.981863    0.18948193 -0.00641722 -1.0305722 ]]","[[1160 2827  956 ... 1861  656 3588]
 [   0 3664 1757 ... 2434 1945 1472]
 [ 305 3136  305 ...  845 2787 2109]]",MOVE:445.2000000000001,"[[ 0.72550879 -0.68604459  0.0545847   0.44173473]
 [-0.00199796  0.07721386  0.99701237  0.00355383]
 [-0.68820967 -0.72345041  0.05464873  0.16687027]
 [ 0.          0.          0.          1.        ]]",0.4417347317085613,0.0035538277265356744,0.16687026997114518,43.398535389491656,3.1290304448431057,-86.86261049254426,0.0,0.0,"[array([ 6.64788046, 21.67127593, 57.7838877 , 50.4231654 ]), array([18.15016116, 24.13344609, 60.06332056, 53.74908406]), array([28.11047182, 24.43060309, 53.08172286, 52.07143087])]",17.63617114607392,23.41177503752648,56.97631037206576,52.08122677513369,6.6478804609716216,21.67127592966991,57.783887695543456,50.42316539717285,0.44742334,0.2041776,0.5016705,0.09959866,0.48982955734601696,0.21773172636891988,-136.60146461050834,-113.30416,-0.44495800731533564,34.315345764160156,-0.44495800731533564,-34.76030377147549,445,0.1117635663184478,0.11154126760151661,0.11073635,-0.00022229871693119074,0.0008049198665884827,-135.58817880541574,0.48424623422921304,0.20095226214666856,-2.384145320499884,-2.3664601469372966,0.0,-0.007765982260765621,-1.9775306,0.5989157675448843
15,22,"[[ 0.19205163  0.97894907 -0.06908759  0.2682789 ]
 [-0.00812418 -0.06880961 -0.99759614 -0.80547106]
 [-0.9813507   0.19215125 -0.0052613  -1.0113957 ]]","[[2518 2775 2785 ... 3199  245 3842]
 [4014   72 2675 ...  326 3737  377]
 [3030 1828 1938 ... 1700 1718 4095]]",MOVE:445.2000000000001,"[[ 0.72367751 -0.68820926  0.05155031  0.36601141]
 [-0.00139534  0.07323702  0.99731301  0.00441846]
 [-0.6901362  -0.72180503  0.05204011  0.08393472]
 [ 0.          0.          0.          1.        ]]",0.36601141209582405,0.004418460883466202,0.08393472394148094,43.560953267233806,2.954960898040748,-87.01298277381184,0.0,0.0,"[array([13.72106527, 17.21829579, 52.74062915, 62.48948366]), array([23.11468354, 14.92558523, 51.46198129, 55.10062436]), array([ 8.9921525 , 15.89315746, 52.12813928, 62.21071738])]",15.275967104452468,16.012346157143128,52.11024990387443,59.93360846630545,13.721065270380281,17.218295789402372,52.740629148066695,62.489483662940565,0.3884576,0.10505297,0.39342132,0.106624074,0.41425022263311806,0.13465964048105797,-136.4390467327662,-149.25307,0.16241787774214345,-35.94890594482422,0.16241787774214345,36.11132382256636,445,0.1117635663184478,0.11230853613775185,0.11533712,0.0005449698193040475,-0.0030285823686797275,-135.58817880541574,0.40603289076637855,0.12111638261507723,-2.381310593769182,-2.3664601469372966,0.0,0.0028347267307020168,-2.6049573,-0.6274267712269456
16,24,"[[ 0.88550645 -0.46426004  0.01844765  0.11716284]
 [-0.00715904 -0.05333345 -0.998551   -0.80622494]
 [ 0.46457124  0.8840911  -0.0505508  -0.86489785]]","[[1640 2837  344 ...   20 3865 1559]
 [2816  533 4095 ... 2330  989 3021]
 [1738 2916 1323 ... 1678 2216  774]]",MOVE:445.2000000000001,"[[-0.86808913 -0.4945758   0.04260469  0.323912  ]
 [ 0.01413096  0.06117062  0.9980272   0.00628408]
 [-0.49620655  0.86697855 -0.04611249  0.29014435]
 [ 0.          0.          0.          1.        ]]",0.32391200034757134,0.006284080910182843,0.29014434826062174,150.32855897617384,2.4418106295947255,-92.64540269805134,555.0,106.19061753,"[array([33.38139696, 20.39748005, 37.38394501, 57.8422986 ]), array([21.01043598, 22.48083986, 39.07942086, 60.38630011]), array([15.50059383, 19.94193259, 39.84477113, 55.54448972])]",23.29747559244044,20.940084167617016,38.769379000924204,57.92436280748251,33.381396963075275,20.39748004810098,37.3839450122263,57.84229859859296,0.33596388,0.23321354,0.29441997,0.2950772,0.3585637950857759,0.22932286257158796,-29.671441023826162,-22.273682,106.76760570894004,126.97938537597656,0.5769881789400415,-20.211779667036524,445,0.1117635663184478,0.1098276095958862,0.13849449,-0.0019359567225616103,-0.028666881981262243,-29.39756127541574,0.3511718810259718,0.21848868035155397,-0.5178643396770838,-0.5130842363127882,1.8533759106245082,0.01007034346758993,-0.3887491,2.216208356969529
17,25,"[[ 0.88418186 -0.46693334  0.01392522  0.06847983]
 [-0.00862821 -0.04612874 -0.99889785 -0.8051783 ]
 [ 0.46706113  0.883088   -0.04481423 -0.76439095]]","[[2933 1642 2194 ... 3426 1392 4095]
 [1255 2156 1732 ... 3971 1322 1524]
 [1412 1491 1265 ... 4095  876  495]]",MOVE:445.2000000000001,"[[-0.8694597  -0.49236316  0.0402084   0.26541115]
 [ 0.01562209  0.05394933  0.99842108  0.00613912]
 [-0.49375489  0.86871572 -0.03921441  0.38527792]
 [ 0.          0.          0.          1.        ]]",0.2654111462929781,0.006139119544355642,0.38527792444400955,150.4777440628656,2.3043965512231535,-92.24924458970835,0.0,0.0,"[array([39.94763631, 21.62747402, 30.53292453, 54.57184665]), array([27.17775575, 22.30950424, 26.12016021, 55.2541563 ]), array([33.44637103, 19.53126703, 30.81927906, 54.67412949])]",33.52392103111143,21.15608176294769,29.1574546002205,54.83337747892819,39.947636312237556,21.627474022263538,30.53292452977826,54.57184664679571,0.25511682,0.3224699,0.24772644,0.36365977,0.29990445852909803,0.32436641969341634,-29.52225593713439,-42.169807,0.149185086691773,-19.89612579345703,0.149185086691773,20.045310880148804,445,0.1117635663184478,0.11168793809377922,0.12042816,-7.562822466858354e-05,-0.008740221739175186,-29.39756127541574,0.29631087128556505,0.3158609780880307,-0.5152605687194391,-0.5130842363127882,0.0,0.002603770957644614,-0.73600197,-0.3472529034867945
18,26,"[[ 0.8829471  -0.46934143  0.01108208  0.01867181]
 [-0.00595238 -0.03479502 -0.9993765  -0.80494195]
 [ 0.46943465  0.8823307  -0.03351583 -0.66415757]]","[[1946  454 4095 ... 2764  641 2122]
 [   0 2777 1117 ... 3787  382  622]
 [ 495 2346 1143 ... 1173 2751    0]]",MOVE:445.2000000000001,"[[-0.87082179 -0.49054151  0.03222253  0.20775444]
 [ 0.01296748  0.04260243  0.99900768  0.00679881]
 [-0.49142764  0.87037556 -0.03073807  0.48120964]
 [ 0.          0.          0.          1.        ]]",0.20775444481884148,0.006798809018801477,0.48120963653395454,150.60705906894242,1.8465406359998917,-91.76236687211423,0.0,0.0,"[array([38.66078421, 21.8198965 , 20.93655395, 49.68815108]), array([53.59483243, 23.54902688, 23.53925152, 48.98217503]), array([46.75626796, 24.55975565, 20.87996395, 49.56662379])]",46.33729486537788,23.30955967844508,21.78525647386353,49.41231663221959,38.660784209418345,21.819896496892326,20.936553950537252,49.68815107609113,0.20119286,0.43525106,0.20554651,0.38511246,0.24211019371956408,0.42022043652714597,-29.39294093105758,-25.553823,0.12931500607680846,16.615983963012695,0.12931500607680846,-16.486668956935887,445,0.1117635663184478,0.11192930620724609,0.12500954,0.00016573988879828305,-0.013080230535917975,-29.39756127541574,0.24144986154515827,0.4132332758245074,-0.5130035960911624,-0.5130842363127882,0.0,0.002256972628276783,-0.44599834,0.2900036286131472
19,28,"[[-0.19531742 -0.9800008   0.03801665 -0.12689617]
 [ 0.01210419 -0.0411694  -0.99907887 -0.80316305]
 [ 0.9806631  -0.19467735  0.019903   -0.757408  ]]","[[1076 1674 1713 ... 1245 2384 1452]
 [3098 2009  562 ... 2103 1883 1261]
 [4095 1108 1985 ...    0 3382 1066]]",MOVE:445.2000000000001,"[[-0.72137971  0.6919985  -0.02729506  0.36467773]
 [-0.00259971  0.03670752  0.99932268  0.00370175]
 [ 0.69253167  0.72096212 -0.02468099  0.55369648]
 [ 0.          0.          0.          1.        ]]",0.36467772651800007,0.0037017546086407505,0.5536964791152894,-136.1909511512943,-1.564094887503184,-91.414796991033,378.0,72.64614216,"[array([49.62555647, 33.83082485, 28.48902566, 36.76087867]), array([38.87692565, 37.26361695, 32.32087347, 39.54917515]), array([52.45393686, 34.24224678, 25.3528796 , 36.2806045 ])]",46.985472991880904,35.11222952704734,28.720926244156562,37.53021943881056,49.625556468355356,33.83082484821018,28.4890256597905,36.760878667838554,0.32175463,0.49024758,0.30842277,0.49656838,0.3162197257085171,0.5031809155972196,43.809048848705686,65.479004,73.20198977976327,91.03282928466797,0.55584761976327,-17.830839504904702,445,0.1117635663184478,0.11124146627565536,0.13251324,-0.0005221000427924477,-0.0212717737040886,43.24858088458427,0.3180263398346401,0.49464050971068363,0.7646121445769454,0.7548301332510773,1.2679143695638653,0.009701371104242566,1.1428242,1.5888225984233704
20,29,"[[-0.18452291 -0.98198974  0.04056728 -0.23749414]
 [ 0.01218533 -0.04355857 -0.99897546 -0.8000784 ]
 [ 0.9827522  -0.18384072  0.02000375 -0.773933  ]]","[[2001 1533 2942 ...  503  804 3507]
 [3876 1048  866 ... 2729 4095    0]
 [2078 3410 2568 ... 1309 2556 2719]]",MOVE:445.2000000000001,"[[-7.28951666e-01  6.83960962e-01 -2.87539908e-02  4.38107522e-01]
 [-2.63229322e-03  3.92020064e-02  9.99226737e-01  1.69487277e-04]
 [ 6.84559436e-01  7.28463600e-01 -2.67759446e-02  6.38017820e-01]
 [ 0.00000000e+00  0.00000000e+00  0.00000000e+00  1.00000000e+00]]",0.4381075221864353,0.00016948727726595614,0.6380178199463056,-136.82381310630726,-1.6477056683925697,-91.53502750182791,0.0,0.0,"[array([50.79903398, 46.0474698 , 22.08340954, 26.03370547]), array([44.80787816, 48.62509447, 22.69878617, 27.79946152]), array([36.2745314 , 49.88018193, 31.14095236, 28.14664913])]",43.96048118250612,48.18424873443075,25.307716022180955,27.32660537246768,50.79903398150194,46.04746980280328,22.083409536776408,26.033705469079422,0.3988504,0.56576264,0.3592907,0.60246724,0.39021043693786617,0.586970104770293,43.176186893692744,45.593437,-0.6328619550129133,-19.88556671142578,-0.6328619550129133,19.252704756412868,445,0.1117635663184478,0.11178217018159027,0.10791795,1.8603863142466204e-05,0.0038642206242858884,43.24858088458427,0.39460281812412196,0.5760477435968598,0.7535666197513613,0.7548301332510773,0.0,-0.01104552482558357,0.79575557,-0.34706861273936096
21,30,"[[-0.18314001 -0.98221767  0.04131421 -0.34779006]
 [ 0.01116199 -0.04409965 -0.99896467 -0.7981943 ]
 [ 0.9830227  -0.18248932  0.01904043 -0.7901111 ]]","[[2213    0 2867 ... 1478 1849 2025]
 [1630  336 2109 ...    0 3694 1876]
 [1179 1982 3956 ... 1720 3500 1447]]",MOVE:445.2000000000001,"[[-0.72991384  0.68295022 -0.02834439  0.51109439]
 [-0.00160275  0.03975626  0.99920802 -0.00215799]
 [ 0.68353616  0.72938132 -0.02792393  0.72226728]
 [ 0.          0.          0.          1.        ]]",0.5110943927470728,-0.0021579909275936116,0.7222672807997091,-136.90381335972828,-1.6242135892882155,-91.60077599864022,0.0,0.0,"[array([40.06234901, 63.15145519, 22.8752096 , 18.40984627]), array([50.0440106 , 64.27355449, 28.08364537, 17.74791308]), array([36.1632025 , 63.02776737, 20.45295938, 17.37666453])]",42.089854034538526,63.48425901746341,23.80393811595258,17.844807959517492,40.062349007985304,63.151455187452115,22.875209597635145,18.409846266649723,0.4902798,0.65903395,0.4921864,0.6543944,0.46326863044677014,0.6711527382467825,43.096186640271725,44.428635,-0.08000025342101935,-1.1648025512695312,-0.08000025342101935,1.084802297848512,445,0.1117635663184478,0.11146396466042925,0.1306096,-0.0002996016580185529,-0.019145637075639474,43.24858088458427,0.47117929641360384,0.657454977483036,0.7521703519267346,0.7548301332510773,0.0,-0.001396267824626645,0.775426,-0.020329639655283376
22,32,"[[-0.27888218  0.95825994 -0.06293137 -0.10466866]
 [-0.00547312 -0.06711761 -0.9977295  -0.8000533 ]
 [-0.9603082  -0.27790457  0.02396246 -0.83037996]]","[[3649 1324  920 ... 1915 1263 4095]
 [2792    0 1199 ... 1543 1918 1966]
 [4095    0 4095 ... 1052 2817 1008]]",MOVE:445.2000000000001,"[[ 9.59422873e-01 -2.80975947e-01  2.36110513e-02  4.14174699e-01]
 [-5.02110044e-03  6.67010051e-02  9.97759797e-01 -9.55823828e-05]
 [-2.81921247e-01 -9.57392986e-01  6.25825685e-02  4.95694180e-01]
 [ 0.00000000e+00  0.00000000e+00  0.00000000e+00  1.00000000e+00]]",0.4141746994270688,-9.558238279605558e-05,0.4956941796846212,16.323131937250526,1.3529444622726108,-86.41088591569141,807.0,153.94885365,"[array([46.77689385, 48.8121347 , 29.72384193, 32.62256199]), array([39.0203436 , 45.11415266, 33.26093301, 28.88946817]), array([52.23804531, 49.96285504, 29.28154579, 31.33496584])]",46.011760918876924,47.96304746568831,30.75544024208155,30.948998666963693,46.776893846423455,48.812134698446194,29.723841925903212,32.6225619906217,0.39358985,0.5307529,0.38172454,0.532961,0.4338484924999825,0.5628726127277056,-163.67686806274946,-142.99338,153.2269452969788,172.57798767089844,-0.7219083530211776,-19.351042373919626,445,0.1117635663184478,0.1122057489580416,0.16063927,0.0004421826395937939,-0.04843352218205697,-162.8025654654158,0.43813469068915684,0.5506881811991073,-2.856700257047331,-2.84144079806512,2.68691437586339,-0.012599677657869103,-2.4957051,3.012054101323358
23,33,"[[-0.28094986  0.95740813 -0.06659368  0.00170597]
 [-0.00393683 -0.07053854 -0.9975011  -0.8030947 ]
 [-0.959713   -0.27998576  0.02358661 -0.86636895]]","[[1854 3101    0 ... 2777 2092 2025]
 [3144  713 3136 ...  601 4095  742]
 [2108 1829 2222 ...  915  749 4095]]",MOVE:445.2000000000001,"[[ 0.96001904 -0.27872957  0.02589694  0.38727109]
 [-0.00655645  0.07009838  0.99751832  0.00284741]
 [-0.27985315 -0.95780691  0.06546743  0.38666412]
 [ 0.          0.          0.          1.        ]]",0.3872710928844694,0.0028474095922680354,0.38666412294008046,16.189983119259885,1.4839495014569517,-86.2450172699527,0.0,0.0,"[array([43.4094956 , 35.2109228 , 31.56720675, 43.19319181]), array([31.38201055, 31.97859304, 40.94239322, 38.44161976]), array([36.55322692, 37.34651212, 42.26851333, 43.17971828])]",37.114911022757816,34.84534265191127,38.25937110169419,41.604843282756846,43.40949560052369,35.21092280051456,31.56720674980032,43.193191813949475,0.39208758,0.42454866,0.33804786,0.46183532,0.40678871800337707,0.45388809418336384,-163.8100168807401,-179.18959,-0.1331488179906728,-36.19621276855469,-0.1331488179906728,36.063063950564015,445,0.1117635663184478,0.11229361815414585,0.106214866,0.0005300518356980422,0.006078752112008701,-162.8025654654158,0.40509008496470983,0.44392138491517874,-2.8590241423164064,-2.84144079806512,0.0,-0.002323885269075901,-3.1274483,-0.6317430895636915
24,34,"[[-0.2841813   0.95638895 -0.06752443  0.10847709]
 [-0.00133212 -0.07082168 -0.997488   -0.8053297 ]
 [-0.95876884 -0.28337747  0.02139975 -0.90244544]]","[[3818    0 2704 ... 2636 1659 2169]
 [3656  805 2210 ... 1460 2549 1425]
 [ 798 3096 2440 ...  723 3259 1274]]",MOVE:445.2000000000001,"[[ 0.96093699 -0.27531996  0.02824068  0.36021976]
 [-0.00915956  0.07034435  0.99748063  0.00498416]
 [-0.27661288 -0.9587747   0.06507468  0.27725552]
 [ 0.          0.          0.          1.        ]]",0.3602197609598932,0.004984164187169848,0.2772555239684166,15.987651594929238,1.6182722433875454,-86.26736257807856,0.0,0.0,"[array([39.86598651, 27.16453981, 41.37769257, 56.7690658 ]), array([16.73726159, 24.14588896, 42.46330761, 52.14133241]), array([37.05738167, 22.7208208 , 39.82734245, 51.57257583])]",31.22020992556192,24.67708319201819,41.22278087725328,53.49432468058729,39.865986510031526,27.164539814289988,41.377692573613295,56.769065798625164,0.35962006,0.3088488,0.34405565,0.37723184,0.3794998734187117,0.34454799950302084,-164.01234840507075,-164.32489,-0.2023315243306456,14.864700317382812,-0.2023315243306456,-15.067031841713458,445,0.1117635663184478,0.11269399870211541,0.120169036,0.0009304323836676065,-0.007475037388258582,-162.8025654654158,0.3720454792402628,0.33715458863125003,-2.862555493596555,-2.84144079806512,0.0,-0.003531351280148782,-2.8680103,0.2594379628605762
25,35,"[[-0.2830179   0.95664674 -0.06873613  0.21498819]
 [ 0.0017186  -0.07116099 -0.9974632  -0.8065032 ]
 [-0.9591115  -0.28241807  0.01849559 -0.93757594]]","[[2716 1576 2268 ... 1028  575 4095]
 [2512  481 3152 ... 3032 1227 1952]
 [2961  938 2443 ... 4095 1757 4009]]",MOVE:445.2000000000001,"[[ 0.96056914 -0.27626383  0.03134001  0.33250067]
 [-0.01221067  0.07069407  0.99742317  0.00606847]
 [-0.27776754 -0.95847665  0.06453262  0.16857885]
 [ 0.          0.          0.          1.        ]]",0.3325006670644504,0.006068465059857697,0.168578854987677,16.04544977868614,1.7959496875004963,-86.29813106970913,0.0,0.0,"[array([16.90702404, 17.00284405, 36.76617567, 59.00222596]), array([13.99820741, 15.61112915, 43.78513696, 59.31363891]), array([35.34264165, 16.91246846, 46.02775392, 66.61425224])]",22.082624366685025,16.50881388808392,42.19302218467006,61.6433723685108,16.907024039752056,17.0028440538517,36.76617567452164,59.00222595765243,0.32048088,0.1860106,0.31493402,0.14493772,0.351848652238789,0.23585184711448504,-163.95455022131387,-162.32687,0.057798183756887056,1.998016357421875,0.057798183756887056,-1.940218173664988,445,0.1117635663184478,0.11215811863977038,0.12892283,0.0003945523213225721,-0.016764716352638376,-162.8025654654158,0.3390008735158158,0.2303877923473214,-2.8615467249883246,-2.84144079806512,0.0,0.0010087686082303848,-2.8331385,0.03487196394571556
26,36,"[[-0.28565046  0.95585525 -0.06886581  0.32058567]
 [ 0.00641114 -0.06995263 -0.9975296  -0.80560386]
 [-0.95831144 -0.2853864   0.01385354 -0.96979797]]","[[ 364 4069    0 ... 1152 2832 1522]
 [3125 1182 2553 ... 2124 1237 2967]
 [1058 2887 1069 ...    0 2198    0]]",MOVE:445.2000000000001,"[[ 0.96126534 -0.27334839  0.03532231  0.3028018 ]
 [-0.01690144  0.06945352  0.99744191  0.00510741]
 [-0.27510251 -0.95940341  0.06214289  0.06224471]
 [ 0.          0.          0.          1.        ]]",0.30280179746996244,0.005107411318238997,0.0622447132901115,15.87379715692131,2.0242388433306293,-86.43493415832593,0.0,0.0,"[array([14.14917078, 11.72016833, 40.06853318, 70.51752767]), array([24.50886153, 10.4473318 , 39.37122915, 69.66077384]), array([17.52586392, 11.04079627, 40.20497213, 63.45566265])]",18.727965409021724,11.069432132974418,39.8815781533845,67.87798805454108,14.149170778706855,11.720168327531102,40.06853318088384,70.51752767346083,0.2829942,0.08611064,0.30016392,0.051674113,0.32194815273039074,0.12957536812311804,-164.1262028430787,-159.4318,-0.17165262176479246,2.89508056640625,-0.17165262176479246,-3.0667331881710425,445,0.1117635663184478,0.1104025808468905,0.1067017,-0.0013609854715573022,0.0037008789673891596,-162.8025654654158,0.3059562677913688,0.12362099606339275,-2.8645426284078015,-2.84144079806512,0.0,-0.0029959034194761078,-2.7826097,0.0505286879942914
27,38,"[[ 0.6434728  -0.7650532   0.02511855  0.11604929]
 [-0.0101785  -0.04136335 -0.9990923  -0.8048498 ]
 [ 0.7653978   0.6426331  -0.03440313 -0.83231896]]","[[3678  249 1641 ... 2119 2165 2216]
 [3653  524 3493 ... 1516 1956 2864]
 [ 606 2250  969 ... 1166 4095    0]]",MOVE:445.2000000000001,"[[-0.99127682 -0.12930246  0.02541158  0.29704371]
 [ 0.01960568  0.04598004  0.9987499   0.00523832]
 [-0.13030924  0.99053588 -0.04304397  0.30862451]
