,index,vive_data,vlp_data,last_cmd,transformed_vive,vive_x,vive_y,vive_z,vive_yaw,vive_pitch,vive_roll,encoder_heading_change_step,encoder_heading_change,pks,L1,L2,L3,L4,L1_test,L2_test,L3_test,L4_test,vlp_x_hist,vlp_y_hist,vlp_x_hist_test,vlp_y_hist_test,x_hist,y_hist,heading_hist,vlp_heading_hist,vive_heading_change,vlp_heading_change,encoder_heading_change_err,vlp_heading_change_err,encoder_location_change_step,encoder_location_change,vive_location_change,vlp_location_change,encoder_location_change_err,vlp_location_change_err,encoder_heading_hist,encoder_x_hist,encoder_y_hist,heading_hist_rad,encoder_heading_hist_rad,encoder_heading_change_rad,encoder_heading_change_err_rad,vlp_heading_hist_rad,vlp_heading_change_rad
0,4,"[[-0.39317423 -0.91882783  0.03418372  0.37186766]
 [ 0.01206024 -0.04232841 -0.99903077 -0.8104412 ]
 [ 0.9193843  -0.3923809   0.02772378 -0.77533054]]","[[ 631 2496 1207 ...  589 2712  166]
 [1131 2809  395 ...  355 3417  628]
 [2627  802 2865 ... 3594  268 2891]]",MOVE:445.2000000000001,"[[-5.70724011e-01  8.20540465e-01 -3.14062425e-02  1.16830611e-01]
 [ 1.06648341e-02  4.56509228e-02  9.98900336e-01 -4.23379517e-04]
 [ 8.21072033e-01  5.69761689e-01 -3.48048703e-02  1.28652101e-01]
 [ 0.00000000e+00  0.00000000e+00  0.00000000e+00  1.00000000e+00]]",0.1168306114412408,-0.0004233795170988097,0.12865210108260916,-124.82042109415397,-1.7997420571336398,-91.99556786874663,278.0,53.69446116,"[array([17.93781415,  4.14304413, 13.62451161, 65.43322253]), array([24.53792156,  4.36509011, 12.91167067, 68.4909818 ]), array([15.78931921,  6.85482893, 17.23873178, 79.00859078])]",19.42168497100295,5.120987724085272,14.591638021929251,70.97759837010409,17.937814145348945,4.143044133111853,13.624511607575911,65.43322253018813,-0.013055014,0.065863,-0.0338843,0.04002523,0.05936440922701788,0.08868166697095556,55.17957890584603,,,,,,445,0.1117635663184478,,,,,55.17957890584603,0.05936440922701788,0.08868166697095556,0.9630653317710234,0.9630653317710234,0.9371451373262139,,,
1,5,"[[-0.38665316 -0.9213189   0.04087286  0.26930833]
 [ 0.01631754 -0.05114763 -0.9985577  -0.81269807]
 [ 0.9220805  -0.38542846  0.03481012 -0.8119916 ]]","[[3079 1213 2420 ... 1797  706 3758]
 [3548  812  521 ... 2387 1424 2916]
 [2905  726 3146 ... 2872  909 3191]]",MOVE:445.2000000000001,"[[-0.57651297  0.81606002 -0.04096648  0.20234538]
 [ 0.00638327  0.05463387  0.99848595  0.00234477]
 [ 0.8170627   0.57537888 -0.03670612  0.19608431]
 [ 0.          0.          0.          1.        ]]",0.2023453761674156,0.0023447726390496415,0.19608430870006877,-125.23964846416779,-2.3478604647466246,-92.10534844213964,0.0,0.0,"[array([19.31013901,  8.43548128, 25.59248402, 68.89785549]), array([26.88146653,  8.63463869, 28.34188973, 67.52698264]), array([17.75715806,  8.66139471, 23.40906635, 69.94675731])]",21.316254532709635,8.577171559523999,25.78114669980626,68.79053181429414,19.310139011059594,8.435481282543908,25.592484016514227,68.8978554905311,0.14453548,0.10180181,0.14423606,0.080346465,0.14517316920692633,0.15569447394840158,54.760351535832214,77.15329,-0.4192273700138003,,-0.4192273700138003,,445,0.1117635663184478,0.10887543151825381,0.16163652,-0.002888134800193995,-0.05276108493358182,55.17957890584603,0.15111623354471265,0.15249935645116908,0.9557484338498058,0.9630653317710234,0.0,-0.00731689792121736,1.346579,
2,6,"[[-0.39154887 -0.9193901   0.03756201  0.16486935]
 [ 0.01752784 -0.04826642 -0.9986804  -0.8144134 ]
 [ 0.91999024 -0.39037362  0.03501381 -0.8500902 ]]","[[ 251 1987 1308 ... 1860 2123   29]
 [ 811 3042  744 ... 2488  869  795]
 [1641 2543  296 ... 1701 1428  900]]",MOVE:445.2000000000001,"[[-0.572156    0.81919834 -0.03938107  0.29007041]
 [ 0.00519106  0.05163343  0.99865234  0.00456594]
 [ 0.82012825  0.57118071 -0.03379458  0.26435826]
 [ 0.          0.          0.          1.        ]]",0.2900704090065928,0.004565943911049142,0.26435826369646676,-124.93175100869685,-2.2569589705951847,-91.93816954859761,0.0,0.0,"[array([30.99166186, 12.89886804, 31.39902942, 60.86246126]), array([26.95463029, 13.55631321, 30.60858739, 65.57542267]), array([10.75996494, 12.72280461, 26.72365088, 63.06195477])]",22.902085697040153,13.059328622322768,29.57708922868389,63.16661290075441,30.991661860566214,12.898868038583958,31.399029419085597,60.862461261569315,0.22545116,0.1681171,0.21395384,0.23800486,0.23268198072018312,0.2242762440515485,55.06824899130315,50.663303,0.30789745547093617,-26.489986419677734,0.30789745547093617,26.79788387514867,445,0.1117635663184478,0.1111811642453145,0.10461866,-0.0005824020731333007,0.006562503139681722,55.17957890584603,0.24286805786240742,0.2163170459313826,0.9611222582062862,0.9630653317710234,0.0,0.005373824356480464,0.88424146,-0.4623374818319609
3,7,"[[-0.38781303 -0.9207834   0.04193756  0.05973094]
 [ 0.02128745 -0.05443339 -0.9982904  -0.8159221 ]
 [ 0.9214921  -0.38625732  0.0407111  -0.88972473]]","[[2923  276 1162 ... 4095  707 1553]
 [1447 1504 1040 ... 3431  333 2708]
 [ 795 2150  758 ...  575 3231    0]]",MOVE:445.2000000000001,"[[-0.57544969  0.81651203 -0.04653555  0.37946621]
 [ 0.00141705  0.0578961   0.99832156  0.00655877]
 [ 0.81783582  0.5744179  -0.03447338  0.3324147 ]
 [ 0.          0.          0.          1.        ]]",0.3794662068586439,0.006558766973491337,0.3324146994674645,-125.17487175751582,-2.6672548932237135,-91.97771445952951,0.0,0.0,"[array([28.7554354 , 23.22624754, 35.65940627, 52.14577637]), array([24.08502639, 20.87993468, 36.7907966 , 55.41523725]), array([17.71284042, 20.14089626, 35.51669315, 50.3531152 ])]",23.517767403851867,21.415692827517162,35.98896533846601,52.63804293703229,28.755435403388592,23.22624754242572,35.65940626722322,52.145776365081986,0.33033934,0.24778266,0.3260352,0.2957111,0.3222483730394831,0.2920895275144163,54.82512824248418,52.782295,-0.24312074881896706,2.1189918518066406,-0.24312074881896706,-2.3621126006256077,445,0.1117635663184478,0.1123422451578658,0.13171232,0.0005786788394179926,-0.019370072308870043,55.17957890584603,0.33461988218010214,0.2801347354115961,0.9568790006594811,0.9630653317710234,0.0,-0.00424325754680509,0.92122483,0.036983384636957634
4,8,"[[-0.39792556 -0.9164025   0.04314497 -0.04576069]
 [ 0.02488424 -0.05779285 -0.99801815 -0.8173997 ]
 [ 0.91708004 -0.3960634   0.04580126 -0.93042386]]","[[1805 1870  546 ...    0 4095    0]
 [1041 1930 2521 ... 1908 1813  936]
 [4059    0 3360 ...  432 1959 1826]]",MOVE:445.2000000000001,"[[-0.56638122  0.822533   -0.05149318  0.4699514 ]
 [-0.00214393  0.06101008  0.99813458  0.00850393]
 [ 0.82414046  0.56543525 -0.03279152  0.40020651]
 [ 0.          0.          0.          1.        ]]",0.4699514046309096,0.008503928919238901,0.4002065126372617,-124.55058771591125,-2.9516502888154124,-91.8816560843235,0.0,0.0,"[array([31.6361401 , 28.1852678 , 41.35368466, 39.30005269]), array([30.65539859, 29.87049978, 40.44373127, 42.49371459]), array([25.67662945, 31.13477057, 45.99409405, 42.600931  ])]",29.322722716868697,29.730179386759776,42.59716999400944,41.464899425560674,31.636140103670204,28.185267803580114,41.35368466437276,39.300052694892784,0.41730925,0.33902225,0.40408164,0.3490661,0.4122976003935337,0.36050715676139977,55.44941228408875,43.627525,0.6242840416045681,-9.154769897460938,0.6242840416045681,9.779053939065506,445,0.1117635663184478,0.11309215418780906,0.12604931,0.0013285878693612557,-0.012957155781139304,55.17957890584603,0.42637170649779693,0.34395242489180966,0.9677748126531381,0.9630653317710234,0.0,0.010895811993656976,0.761444,-0.15978087697315704
5,9,"[[-0.40032917 -0.9154104   0.04193376 -0.15151766]
 [ 0.02568492 -0.05695176 -0.9980456  -0.81649446]
 [ 0.91601104 -0.39847055  0.04631156 -0.97255296]]","[[3376  936 2723 ... 1736 1157 3269]
 [ 729 2214  509 ... 3006  793 2035]
 [ 928 2794  968 ... 2115  723 3142]]",MOVE:445.2000000000001,"[[-0.56420798  0.82403815 -0.05128271  0.56176498]
 [-0.00293652  0.06011017  0.99818657  0.00804208]
 [ 0.8256271   0.56333505 -0.03149491  0.46751381]
 [ 0.          0.          0.          1.        ]]",0.5617649783878362,0.008042079354981357,0.4675138073504092,-124.39891529297087,-2.939603144219189,-91.80725214354136,0.0,0.0,"[array([32.34480004, 46.64635426, 50.31347357, 32.81294746]), array([24.87629425, 37.95871415, 43.00026965, 27.61099514]), array([34.99198697, 40.39001509, 43.4728557 , 28.38872194])]",30.737693754408294,41.66502783210968,45.59553297190451,29.604221514623983,32.344800042978946,46.646354255608216,50.313473565263635,32.81294746476641,0.49020794,0.41867894,0.4829794,0.423874,0.5040062848133398,0.42796721057436,55.60108470702913,42.463528,0.1516724229403792,-1.1639976501464844,0.1516724229403792,1.3156700730868636,445,0.1117635663184478,0.11384788824769244,0.10797873,0.0020843219292446397,0.005869156853878357,55.17957890584603,0.5181235308154918,0.40777011437202315,0.9704219958179251,0.9630653317710234,0.0,0.002647183164786996,0.7411284,-0.020315591480533208
6,10,"[[-0.38881207 -0.92013425  0.04664582 -0.2564518 ]
 [ 0.0270935  -0.06202721 -0.99770325 -0.8173555 ]
 [ 0.9209151  -0.3866589   0.0490467  -1.0123762 ]]","[[1076 2663 1837 ... 1699 2056 1601]
 [3348 1132 1755 ... 2364  968 1193]
 [1347 2031 1851 ...   15 3349  421]]",MOVE:445.2000000000001,"[[-0.57449003  0.8165857  -0.05610468  0.65120568]
 [-0.00438679  0.06547227  0.99784135  0.00938132]
 [ 0.81849589  0.57349864 -0.03403088  0.53531033]
 [ 0.          0.          0.          1.        ]]",0.6512056849458507,0.009381322849944529,0.5353103311794875,-125.12749067747362,-3.2162076191921973,-91.953412502183,0.0,0.0,"[array([26.31206665, 52.55758427, 43.88701388, 18.51981241]), array([27.22093068, 56.46407642, 42.78375944, 20.88638229]), array([19.72258726, 50.67991765, 39.11973559, 17.42867178])]",24.418528200897658,53.233859446065345,41.93016963452667,18.9449554947952,26.31206665318789,52.557584265502854,43.88701387567326,18.51981241204222,0.62703544,0.48459065,0.6195863,0.4819616,0.5939545235580241,0.4950324896317451,54.87250932252638,64.279236,-0.728575384502733,21.81570816040039,-0.728575384502733,-22.544283544903124,445,0.1117635663184478,0.1121982054594265,0.15187533,0.0004346391409787015,-0.03967712653844489,55.17957890584603,0.6098753551331866,0.47158780385223664,0.9577059565093685,0.9630653317710234,0.0,-0.01271603930855636,1.1218843,0.38075593605318203
7,12,"[[-0.89962614 -0.43663797  0.00433322 -0.2738238 ]
 [ 0.02394812 -0.05924349 -0.997956   -0.82182586]
 [ 0.4360024  -0.8976836   0.06375347 -1.146239  ]]","[[2457 1293 2310 ... 3702  361 3432]
 [3393    0    0 ... 1896 1743  579]
 [   0 4095 2384 ... 1747 1994 1330]]",MOVE:445.2000000000001,"[[ 0.10757621  0.99312595 -0.0461151   0.77392488]
 [-0.00461385  0.04688228  0.99888947  0.01143701]
 [ 0.99418553 -0.10724405  0.0096248   0.47894716]
 [ 0.          0.          0.          1.        ]]",0.7739248826401866,0.011437011049906687,0.47894716137677074,-83.8177756611771,-2.6431269021409474,-89.44792414927402,211.0,40.99683489,"[array([16.89811294, 57.4763331 , 46.94622866, 15.50444065]), array([18.07847591, 53.53456671, 49.37779465, 16.25323776]), array([21.16042154, 52.81866031, 49.42045205, 14.01737753])]",18.712336795932142,54.609853371538236,48.58149178452521,15.25835198205697,16.898112942335718,57.47633309948689,46.94622866189982,15.504440654954825,0.7397826,0.46424353,0.743851,0.46689376,0.7043319730820071,0.4864855258696204,96.1822243388229,100.22987,41.30971501629652,35.95063781738281,0.31288012629651973,5.35907719891371,445,0.1117635663184478,0.11070786762001374,0.11456841,-0.0010556986984340683,-0.0038605446839108243,96.17641379584603,0.7209901717719733,0.4595631508615309,1.6786964966042859,1.6785950834980108,0.7155297517269874,0.005460788367929961,1.7493412,0.627456998105318
8,14,"[[ 0.6726087  -0.73981375  0.01640115 -0.37637973]
 [-0.00264668 -0.02456832 -0.99969417 -0.81214094]
 [ 0.73999125  0.67236006 -0.01848139 -0.96232146]]","[[1556 2268   72 ...    0 3900    0]
 [2584 1764   16 ... 3293  722  908]
 [   0 2944 3783 ...  810 2269 1241]]",MOVE:445.2000000000001,"[[-0.98404966 -0.17705106  0.01719748  0.672364  ]
 [ 0.00907323  0.04660254  0.99887185  0.00658669]
 [-0.17765252  0.9830957  -0.04425232  0.66360645]
 [ 0.          0.          0.          1.        ]]",0.6723639956998373,0.006586687988754392,0.6636064535267922,169.80047519528372,0.9854244872001899,-92.53672023793197,-556.0,-105.42255026999999,"[array([27.40938298, 66.79630927, 36.63360646, 12.17970495]), array([15.36761283, 70.73616273, 30.74426444, 13.89661919]), array([25.0987775 , 65.88463819, 29.96089625, 11.84051883])]",22.62525776882106,67.80570339553928,32.44625571451804,12.638947654317564,27.409382979556028,66.7963092673416,36.6336064582183,12.179704946684353,0.71366704,0.6089408,0.68427324,0.6017144,0.6847593561366281,0.5947126581628985,-10.199524804716248,-10.230831,-106.38174914353914,-110.46070861816406,-0.959198873539151,4.078959474624924,445,0.1117635663184478,0.10998272363656605,0.14703508,-0.0017808426818817502,-0.037052353577674974,-9.246136474153957,0.7030324477783496,0.5698745958941608,-0.1780152899811302,-0.16137552456272614,-1.8399706080607368,-0.0167411785246789,-0.17856169,-1.9279030594730386
9,16,"[[-0.08951597  0.9929303  -0.07792975 -0.14212456]
 [-0.01918887 -0.07994886 -0.9966141  -0.81791353]
 [-0.9957989  -0.08771742  0.02621033 -1.0285412 ]]","[[2030 2513 1141 ... 1912 1230 1735]
 [3285  319 2272 ... 1797 2448 1265]
 [1775 1697 2743 ...  888 1110 3965]]",MOVE:445.2000000000001,"[[ 8.91685161e-01 -4.51700638e-01  2.93408851e-02  6.04248273e-01]
 [ 7.53793832e-04  6.63023414e-02  9.97799148e-01  8.25155435e-03]
 [-4.52651905e-01 -8.89700661e-01  5.94614253e-02  4.29830201e-01]
 [ 0.00000000e+00  0.00000000e+00  0.00000000e+00  1.00000000e+00]]",0.6042482725638543,0.008251554349352208,0.42983020056201465,26.865356861055563,1.6813619186587527,-86.58961957798437,-758.0,-143.42147525,"[array([11.74703906, 50.53009665, 40.87105063, 19.14980806]), array([18.12178347, 53.34291435, 43.21475059, 20.66810933]), array([34.54241328, 56.20730293, 49.61058639, 21.72357115])]",21.47041193605305,53.36010464254847,44.565462535880705,20.513829514573366,11.747039057262999,50.53009664934349,40.87105062895802,19.14980806302143,0.64190984,0.4595417,0.7473813,0.41571853,0.6358809514741725,0.49227516533065485,-153.13464313894443,-154.34476,-142.93511833422818,-144.11392211914062,0.4863569157718075,1.1788037849124464,445,0.1117635663184478,0.11350127038981872,0.16573828,0.0017377040713709158,-0.05223701419804139,-152.66761172415394,0.651716005067181,0.47058855728001614,-2.6727037216411245,-2.6645524857427834,-2.503176961180057,0.00848852952006278,-2.6938243,-2.5152624389416878
10,17,"[[-0.09488039  0.9931037  -0.06886602 -0.03120799]
 [-0.01817543 -0.07089471 -0.99731797 -0.81894445]
 [-0.9953226  -0.09337419  0.02477658 -1.0431402 ]]","[[2128 1331 3997 ...  379 3448  432]
 [1534 2012  106 ... 3376    0 3020]
 [2503 2336  697 ... 1448 1101 2494]]",MOVE:445.2000000000001,"[[ 8.94117543e-01 -4.47090950e-01  2.57539107e-02  5.57778139e-01]
 [-1.85721744e-04  5.71377036e-02  9.98366059e-01  7.66613799e-03]
 [-4.47831965e-01 -8.92661577e-01  5.10048030e-02  3.28061532e-01]
 [ 0.00000000e+00  0.00000000e+00  0.00000000e+00  1.00000000e+00]]",0.5577781385482607,0.00766613798832505,0.32806153154830053,26.566699041329493,1.4757522564833583,-87.07539308352541,0.0,0.0,"[array([23.46029352, 43.76927971, 60.59443695, 30.80855927]), array([19.3867672 , 38.0305401 , 49.14668759, 26.42055655]), array([23.64140522, 42.0200887 , 49.78940952, 29.41005932])]",22.16282197893054,41.27330283902827,53.17684468715097,28.879725046847565,23.460293517917496,43.76927971352034,60.59443695290521,30.808559272778133,0.562143,0.36415637,0.5627154,0.3687325,0.5890848909222542,0.3906705345414281,-153.43330095867051,-140.09566,-0.2986578197260883,14.249099731445312,-0.2986578197260883,-14.5477575511714,445,0.1117635663184478,0.1118631855482128,0.1243427,9.961922976499393e-05,-0.012479516780945984,-152.66761172415394,0.6003995623560123,0.3713025186658715,-2.6779162839321726,-2.6645524857427834,0.0,-0.00521256229104791,-2.4451306,0.24869370575876049
11,18,"[[-0.08853298  0.99368745 -0.06888025  0.07975244]
 [-0.01173866 -0.07018758 -0.9974645  -0.81679213]
 [-0.99600285 -0.08749998  0.0178776  -1.0602751 ]]","[[3478  547 3229 ... 1185 2692  952]
 [   0 3447  234 ... 1035 1252 1290]
 [1007  676 3159 ... 4043  992 1540]]",MOVE:445.2000000000001,"[[ 0.89126016 -0.45238664  0.0316102   0.51340147]
 [-0.00671023  0.05653881  0.99837758  0.00384812]
 [-0.45344004 -0.89002639  0.04735495  0.22497618]
 [ 0.          0.          0.          1.        ]]",0.5134014736103958,0.003848121154701123,0.22497618266559438,26.911494887828923,1.811410572471922,-87.2843740436316,0.0,0.0,"[array([ 8.05692344, 27.71300315, 55.51433972, 39.2858671 ]), array([11.62330652, 26.63381515, 55.3977238 , 34.81157689]), array([22.04683394, 26.35404706, 53.4117058 , 34.75602126])]",13.909021297946794,26.900288452761078,54.774589774948424,36.284488417675725,8.056923437615126,27.713003149711124,55.514339721332725,39.28586709727864,0.5439775,0.22246763,0.5687058,0.19669835,0.545084426721414,0.2873956546448175,-153.08850511217108,-172.69412,0.3447958464994372,-32.59846496582031,0.3447958464994372,32.94326081231975,445,0.1117635663184478,0.11225747933901228,0.14284846,0.0004939130205644793,-0.0305909825273665,-152.66761172415394,0.5490831196448436,0.27201648005172685,-2.6718984611635563,-2.6645524857427834,0.0,0.006017822768616144,-3.014081,-0.5689505447495853
12,19,"[[-0.09800125  0.9932526  -0.06197038  0.18944152]
 [-0.0120287  -0.06344886 -0.99791193 -0.8138016 ]
 [-0.99511147 -0.09705066  0.01816699 -1.0773661 ]]","[[2152 1898  943 ... 3525  214 4095]
 [3897  255 3596 ...   90 1354 1976]
 [1362 1888 1794 ... 1355  363 3976]]",MOVE:445.2000000000001,"[[ 8.95531643e-01 -4.44130203e-01  2.77030175e-02  4.69653644e-01]
 [-6.28927151e-03  4.96200258e-02  9.98747714e-01 -7.91789200e-04]
 [-4.44948631e-01 -8.94584531e-01  4.16429274e-02  1.23008837e-01]
 [ 0.00000000e+00  0.00000000e+00  0.00000000e+00  1.00000000e+00]]",0.46965364378665236,-0.0007917892000534055,0.12300883702243859,26.37858976262433,1.5875148780255104,-87.61237332251966,0.0,0.0,"[array([ 9.12491872, 17.51131727, 54.14257914, 43.50063639]), array([ 7.59807829, 16.75479768, 54.72778626, 41.57581478]), array([ 5.98202405, 17.791135  , 54.05415925, 43.17618372])]",7.568340350327119,17.352416654628303,54.30817488413123,42.750878295274276,9.124918717337838,17.511317274453305,54.14257913818559,43.50063639102105,0.5201044,0.054296203,0.4967684,0.06645498,0.5007546745413365,0.1857202864236141,-153.62141023737567,-171.92044,-0.5329051252045929,0.773681640625,-0.5329051252045929,-1.3065867658295929,445,0.1117635663184478,0.11091892278265408,0.16985746,-0.000844643535793721,-0.05893853449750491,-152.66761172415394,0.4977666769336749,0.17273044143758215,-2.681199410199129,-2.6645524857427834,0.0,-0.009300949035572766,-3.0005777,0.01350329199113777
13,21,"[[-0.9965407   0.08269626 -0.00815623  0.13357654]
 [ 0.00246881 -0.06864379 -0.9976381  -0.8196642 ]
 [-0.08306083 -0.9942072   0.06820222 -1.2487016 ]]","[[   0 3429 1873 ... 2204 1430 1792]
 [1472 2226 1492 ... 1805  318 3933]
 [ 477 3367  468 ... 1851 1123 2633]]",MOVE:445.2000000000001,"[[ 0.59915298  0.79946404 -0.0432618   0.644572  ]
 [ 0.00785575  0.04816164  0.99880859  0.00238346]
 [ 0.80059516 -0.59877902  0.0225759   0.0793672 ]
 [ 0.          0.          0.          1.        ]]",0.6445719970354262,0.0023834619328713114,0.07936720181071089,-53.150499734124146,-2.479497133920493,-88.70517195156198,-426.0,-80.96779656999999,"[array([10.08336144, 18.58966513, 72.38981889, 36.0914365 ]), array([13.89519433, 14.78579685, 65.66953379, 30.43843899]), array([ 3.52045213, 20.413301  , 77.28379215, 39.43596805])]",9.166335966399226,17.929587659894,71.78104827777007,35.32194784287843,10.083361435665019,18.589665132993588,72.38981888823643,36.091436495665015,0.604128,0.064262815,0.59416336,0.07824085,0.5885570485239313,0.12134726306905791,126.84950026587586,83.23536,-79.5290894967485,-104.84420776367188,1.4387070732514928,25.315118266923378,445,0.1117635663184478,0.10887214066410968,0.08461263,-0.0028914256543381284,0.024259510356435268,126.36459170584607,0.5877654478507962,0.10646343615119841,2.213941434148956,2.2054781832053316,-1.4131546382314712,0.025110175399969792,1.452731,-1.8298766271210751
14,22,"[[-9.9630421e-01  8.5769281e-02 -4.5975624e-03  1.4039667e-01]
 [-1.3305144e-03 -6.8930760e-02 -9.9762022e-01 -8.2224703e-01]
 [-8.5881844e-02 -9.9392760e-01  6.8790250e-02 -1.3601743e+00]]","[[1766 1278 2722 ... 2378 3250  251]
 [1448 2664 1097 ... 3437  354 3153]
 [ 336 2901  667 ...  804  997 2502]]",MOVE:445.2000000000001,"[[ 0.60145734  0.7975994  -0.04564866  0.73545837]
 [ 0.01159598  0.04841716  0.99875956  0.00270056]
 [ 0.79882048 -0.6012411   0.01987206  0.01441399]
 [ 0.          0.          0.          1.        ]]",0.7354583732962727,0.002700558942686726,0.0144139885443193,-52.98061379029929,-2.6163860273172115,-88.86015572210547,0.0,0.0,"[array([ 8.66321084, 18.03871391, 74.86855084, 29.49746447]), array([ 3.78691961,  9.90237374, 69.1024568 , 21.60442676]), array([ 9.26617788, 12.53203437, 71.07870297, 23.18976122])]",7.238769442022801,13.491040671321613,71.68323686976308,24.76388414980202,8.663210841343748,18.03871390673144,74.86855083697027,29.49746447341285,0.7009839,-0.008448895,0.6488273,0.059579995,0.6795681446149924,0.05655995321419237,127.01938620970071,126.89631,0.1698859438248519,43.66094970703125,0.1698859438248519,-43.4910637632064,445,0.1117635663184478,0.11171577833917064,0.121111736,-4.7787979277166825e-05,-0.009395957362390336,126.36459170584607,0.6777642187679175,0.040196430864814656,2.216906503221558,2.2054781832053316,0.0,0.0029650690726017942,2.2147584,0.7620273269353489
15,24,"[[ 0.99509585 -0.09883262 -0.00391655  0.1173419 ]
 [-0.00869493 -0.04796399 -0.9988109  -0.81565875]
 [ 0.0985276   0.9939472  -0.04858812 -1.111538  ]]","[[ 468 1497 1615 ... 2743  922  507]
 [ 519 2907 2223 ... 2412 1173 2324]
 [2474   94 3969 ... 2905 1647 1865]]",MOVE:445.2000000000001,"[[-0.61143143 -0.78948748  0.05348631  0.53689229]
 [-0.00131102  0.0686038   0.99764279  0.00126023]
 [-0.79129573  0.6099201  -0.04298154  0.16595391]
 [ 0.          0.          0.          1.        ]]",0.5368922906819609,0.0012602313803721232,0.16595390701087953,127.75658366193551,3.065998904654992,-92.46697312091435,945.0,180.10217343,"[array([ 6.48788375, 19.93407632, 62.67940744, 33.78513211]), array([ 8.21829653, 19.6359249 , 72.50752701, 38.56273693]), array([20.74191623, 18.72801993, 70.47500172, 37.62554468])]",11.816032169426876,19.432673717305608,68.5539787241822,36.65780457408619,6.4878837477403355,19.93407632224392,62.67940744298505,33.7851321132073,0.5712304,0.10352338,0.628846,0.07833712,0.5922356361331764,0.12309233781110081,-52.24341633806449,-49.207066,-179.2628025477652,-176.10337829589844,-359.3649759777652,-3.159424251866767,445,0.1117635663184478,0.10978854784483395,0.17138773,-0.0019750184736138515,-0.06159918418412723,-53.53323486415394,0.5878837623701931,0.10662382215752507,-0.9118196275894244,-0.9343312076229056,3.143375916351349,-6.272102047162331,-0.8588253,-3.0735837751485486
16,25,"[[ 0.9949172  -0.10061221 -0.00392705  0.10875692]
 [-0.00853995 -0.04545915 -0.9989293  -0.8125049 ]
 [ 0.10032634  0.9938861  -0.04608708 -1.0021662 ]]","[[3676 1527 1159 ... 1793 1525 2646]
 [1552 3330  381 ...  819 1707 1983]
 [ 543 2834  311 ...  778 1254 1770]]",MOVE:445.2000000000001,"[[-6.12862753e-01 -7.88517068e-01  5.13733345e-02  4.48717080e-01]
 [-1.42858387e-03  6.61197657e-02  9.97810303e-01  3.52290576e-04]
 [-7.90187176e-01  6.11447435e-01 -4.16486485e-02  2.31300438e-01]
 [ 0.00000000e+00  0.00000000e+00  0.00000000e+00  1.00000000e+00]]",0.44871707990765924,0.0003522905757272765,0.23130043815794588,127.855605429307,2.944772889315273,-92.39016949836775,0.0,0.0,"[array([16.09012321, 20.4837959 , 51.74292258, 44.3365168 ]), array([17.67766941, 20.3205718 , 56.28680713, 39.87202138]), array([11.47367099, 18.85692888, 53.04204482, 41.55440874])]",15.080487870570563,19.88709886143229,53.690591506530716,41.92098230695203,16.090123209871667,20.483795897866234,51.742922576931676,44.33651680000443,0.47466183,0.15121214,0.45684505,0.1703998,0.5039862669854843,0.18834328555495822,-52.14439457069301,-63.71831,0.09902176737148238,-14.511245727539062,0.09902176737148238,14.610267494910545,445,0.1117635663184478,0.10975261881357201,0.10770195,-0.002010947504875793,0.002050669038353048,-53.53323486415394,0.4980033059724687,0.1730512134502355,-0.9100913717176481,-0.9343312076229056,0.0,0.0017282558717762585,-1.1120943,-0.2532690165115166
17,26,"[[ 0.9944433  -0.1051546  -0.00493001  0.1005497 ]
 [-0.00960887 -0.04403637 -0.99898356 -0.8115762 ]
 [ 0.10483059  0.99348    -0.04480208 -0.88978595]]","[[1079 2779    0 ... 2313 1993 1032]
 [2602 1032 3354 ... 2374 1414 1851]
 [3449    0 3443 ... 1478 2380 1894]]",MOVE:445.2000000000001,"[[-6.16417913e-01 -7.85777196e-01  5.08169714e-02  3.57814520e-01]
 [-2.66038807e-04  6.47438866e-02  9.97901725e-01  1.72331347e-03]
 [-7.87418656e-01  6.15111114e-01 -4.01182166e-02  2.97876536e-01]
 [ 0.00000000e+00  0.00000000e+00  0.00000000e+00  1.00000000e+00]]",0.3578145203343182,0.0017233134747290935,0.2978765360144403,128.11309250546395,2.9128521809084256,-92.30220440062122,0.0,0.0,"[array([26.39764612, 19.27321411, 41.04660461, 47.1044565 ]), array([25.05673745, 22.18034605, 44.91028428, 51.82739407]), array([18.82679679, 23.6617015 , 46.95318411, 51.87050058])]",23.427060118974996,21.705087220280827,44.303357668996505,50.267450382892015,26.397646115664504,19.273214112898398,41.04660461188481,47.104456504389155,0.38050592,0.2389211,0.34319097,0.24436459,0.41289010062821396,0.25467143845303397,-51.88690749453605,-47.03023,0.25748707615696276,16.688079833984375,0.25748707615696276,-16.430592757827412,445,0.1117635663184478,0.11268511610617434,0.12867865,0.0009215497877265305,-0.015993533557750836,-53.53323486415394,0.4081228495747444,0.23947860474294588,-0.9055973744573756,-0.9343312076229056,0.0,0.004493997260272387,-0.8208324,0.29126193893869606
18,27,"[[ 0.9930519  -0.11711446 -0.01142882  0.09183912]
 [-0.016157   -0.03950472 -0.99908847 -0.81039345]
 [ 0.11655639  0.9923318  -0.04112253 -0.77678007]]","[[2165 1477  814 ... 1875 3753  644]
 [3075  610 3131 ... 2761  682 3129]
 [ 713 2843 1162 ...    0 3202 1166]]",MOVE:445.2000000000001,"[[-0.62555078 -0.77850433  0.05114781  0.26664616]
 [ 0.00652671  0.06033436  0.9981566   0.00285866]
 [-0.78015519  0.62473162 -0.032661    0.36521629]
 [ 0.          0.          0.          1.        ]]",0.26664615987000934,0.0028586589395832585,0.36521628806561657,128.78289715374757,2.931824648904216,-91.87413896340736,0.0,0.0,"[array([28.8153618 , 23.46988372, 29.03782304, 54.60660199]), array([19.10196315, 19.30672002, 36.09229718, 50.00002654]), array([36.21451313, 20.66116013, 26.67897218, 51.03144251])]",28.043946023969323,21.145921288169106,30.603030802663543,51.87935700950546,28.81536180036504,23.469883717005988,29.037823041371382,54.60660198518209,0.28424388,0.28685072,0.28491786,0.31095892,0.321212907914136,0.3213703075441503,-51.21710284625243,-63.53093,0.6698046482836162,-16.50069808959961,0.6698046482836162,17.170502737883226,445,0.1117635663184478,0.11337304265992011,0.10753431,0.0016094763414723073,0.005838730948131934,-53.53323486415394,0.31824239317702,0.30590599603565627,-0.8939070779996641,-0.9343312076229056,0.0,0.011690296457711689,-1.1088239,-0.2879915105410515
19,28,"[[ 0.99340546 -0.113261   -0.01775978  0.08329482]
 [-0.02139266 -0.03093962 -0.9992916  -0.8088862 ]
 [ 0.11263164  0.993083   -0.03315758 -0.66428566]]","[[1340 2773  919 ...    0 3498 1464]
 [ 396 2215 1595 ... 3834    0 1304]
 [2250 1354 1130 ... 3073 1587 1941]]",MOVE:445.2000000000001,"[[-0.62235835 -0.78127342  0.0477585   0.17581974]
 [ 0.01167988  0.05174003  0.9985916   0.00365753]
 [-0.78264398  0.62204017 -0.02307527  0.43215053]
 [ 0.          0.          0.          1.        ]]",0.17581974298432174,0.0036575312170401553,0.4321505311384136,128.54069116293923,2.737413118747416,-91.32379579339873,0.0,0.0,"[array([40.14910964, 17.52315823, 23.05138741, 49.62656496]), array([45.39589271, 20.49367225, 19.13034188, 54.33321715]), array([34.02152465, 18.41249446, 17.85674601, 49.70285868])]",39.85550900142602,18.809774978650243,20.01282510030423,51.22088026231046,40.14910964488096,17.523158225137394,23.051387408814566,49.626564959799026,0.15888521,0.37135038,0.1786015,0.35608757,0.23057135268633655,0.38853561127103065,-51.4593088370608,-56.01754,-0.24220599080837246,7.513389587402344,-0.24220599080837246,-7.755595578210716,445,0.1117635663184478,0.11281431451211456,0.15117866,0.0010507481936667534,-0.03836434349646088,-53.53323486415394,0.22836193677929573,0.37233338732836674,-0.8981343700073252,-0.9343312076229056,0.0,-0.004227292007661222,-0.9776905,0.13113338628522916
20,30,"[[-0.99976695 -0.01312413 -0.01707285  0.08584422]
 [ 0.01796747 -0.07142141 -0.99728376 -0.8132294 ]
 [ 0.01186873 -0.9973587   0.07163964 -0.9167202 ]]","[[2093 3675  421 ...  502 2962  934]
 [1508    0 2486 ... 1199 3246  157]
 [   0 4095 1001 ...  841 2088 2002]]",MOVE:445.2000000000001,"[[ 0.52024854  0.8530073  -0.04144753  0.38846256]
 [-0.00574087  0.0520259   0.99862859  0.00302489]
 [ 0.85399423 -0.51929707  0.03196331  0.29602119]
 [ 0.          0.          0.          1.        ]]",0.3884625617288477,0.0030248940839198157,0.2960211909991751,-58.62096364352642,-2.3754918584073326,-88.16669377120033,898.0,171.19488336,"[array([31.38841792, 18.42974319, 28.45939064, 49.16873577]), array([29.31046863, 21.33988599, 33.00911471, 53.57064146]), array([33.13964475, 20.37441077, 34.6723195 , 50.35334686])]",31.279510432830932,20.048013317321075,32.0469416148163,51.03090803063311,31.38841791546752,18.42974319265982,28.459390638746015,49.16873577271053,0.27666986,0.296216,0.2466192,0.29395303,0.32870066586103586,0.33247000171070334,121.37903635647358,122.533646,172.8383451935344,178.55117797851562,1.6434618335343885,-5.712832784981231,445,0.1117635663184478,0.11301643543975928,0.13970825,0.0012528691213114784,-0.02669181532127282,117.66164849584607,0.32735143868140043,0.3204472305098926,2.1184638273183656,2.0535831695767475,2.9879143771996532,0.028683820126038036,2.1386156,3.1163059390394907
21,31,"[[-0.99990237 -0.00989288 -0.00983407  0.08129752]
 [ 0.01050095 -0.069754   -0.9975088  -0.8168415 ]
 [ 0.00918238 -0.9975149   0.0698509  -1.0266724 ]]","[[4095    0 1828 ... 1981 1822 1948]
 [1869 2501 3188 ... 1742  554 2985]
 [   0 4095  271 ... 2438 1895 1635]]",MOVE:445.2000000000001,"[[ 0.52267367  0.85140808 -0.04377018  0.48410213]
 [ 0.0016727   0.05031713  0.99873176  0.00453707]
 [ 0.8525308  -0.52208422  0.02487495  0.24148696]
 [ 0.          0.          0.          1.        ]]",0.4841021253834216,0.0045370675317172315,0.24148695789604635,-58.45451166939131,-2.5086437622419893,-88.57324508586727,0.0,0.0,"[array([21.91031306, 21.99213118, 41.5577622 , 44.0633891 ]), array([22.16470974, 24.22494075, 50.94006963, 50.45176188]), array([23.93759533, 20.60926857, 46.22258474, 43.87240712])]",22.67087271421036,22.275446833320704,46.2401388557974,46.129186033261675,21.910313064918252,21.992131177200417,41.55776219832066,44.0633890976212,0.40488976,0.23940755,0.38520533,0.23982313,0.4244463702715171,0.2781092309280207,121.54548833060869,113.89597,0.16645197413511426,-8.637672424316406,0.16645197413511426,8.80412439845152,445,0.1117635663184478,0.11010146826063044,0.14024101,-0.0016620980578173628,-0.030139543716565298,117.66164849584607,0.42634094058350513,0.26856107369141846,2.121368962313468,2.0535831695767475,0.0,0.0029051349951021844,1.9878597,-0.150755823513042
22,32,"[[-0.9998118  -0.01493169 -0.01236438  0.07677855]
 [ 0.01334336 -0.06734376 -0.9976403  -0.8192811 ]
 [ 0.0140636  -0.9976179   0.06753054 -1.1381321 ]]","[[1231 3043  637 ...    0 2428 2001]
 [1584 2726  885 ... 1389 2073 2135]
 [ 501 3335  119 ... 2108 1106 2040]]",MOVE:445.2000000000001,"[[ 0.51845944  0.85414437 -0.04045959  0.58099273]
 [-0.00107445  0.04796592  0.99884811  0.00484721]
 [ 0.85510127 -0.51781877  0.02578615  0.18615379]
 [ 0.          0.          0.          1.        ]]",0.5809927277188194,0.004847207716212387,0.18615378734301147,-58.7425574988733,-2.318793659051177,-88.52117757359771,0.0,0.0,"[array([ 4.691726  , 20.19759046, 57.02788885, 37.63449799]), array([17.80994001, 23.98720153, 64.34517582, 41.65172526]), array([12.74570565, 20.17323278, 53.98951587, 39.0952414 ])]",11.74912388509256,21.452674927626887,58.45419351464929,39.46048821800269,4.691726000325093,20.197590464771956,57.02788885152586,37.63449799116574,0.5310119,0.14062443,0.60425,0.07203026,0.5211536143419723,0.22247568859105785,121.25744250112669,128.06924,-0.28804582948203006,14.173271179199219,-0.28804582948203006,-14.461317008681249,445,0.1117635663184478,0.11156783626413673,0.16020265,-0.0001957300543110746,-0.04863481595182091,117.66164849584607,0.5253304424856099,0.21667491687294438,2.1163416141923688,2.0535831695767475,0.0,-0.0050273481210995775,2.23523,0.2473702478550456
23,34,"[[ 0.38465923 -0.92232597  0.03676267 -0.09050623]
 [ 0.00743287 -0.03673075 -0.99929726 -0.81486166]
 [ 0.92302847  0.38466206 -0.00727348 -0.99732935]]","[[ 367 3815  584 ... 1223 2563 2877]
 [1799 1649 2564 ...    0 4095  961]
 [1294 1784 1239 ... 3077 1071    0]]",MOVE:445.2000000000001,"[[-0.98649576  0.16375596 -0.00310999  0.5503739 ]
 [ 0.00603442  0.0553157   0.99845038  0.00519277]
 [ 0.16367413  0.98494843 -0.05555698  0.40269825]
 [ 0.          0.          0.          1.        ]]",0.5503739013550346,0.005192773439643306,0.40269825465375847,-170.57498791396898,-0.17819165063988682,-93.18484726458097,-595.0,-112.75897638,"[array([24.34970844, 39.30365103, 58.02938159, 35.42777767]), array([17.95904138, 33.94584514, 53.40285902, 31.66588576]), array([14.76827776, 32.61719284, 48.42585193, 29.98325894])]",19.025675859780762,35.28889633876747,53.28603084799406,32.35897412401262,24.349708438309936,39.303651033727,58.02938158800863,35.42777767237612,0.54562527,0.30570114,0.5193934,0.345477,0.5389109373889309,0.33364320084079113,9.425012086031018,5.0589128,-111.83243041509567,-123.01033020019531,0.9265459649043208,11.17789978509964,445,0.1117635663184478,0.11257681067426209,0.16572227,0.0008132443558142854,-0.05314545516531463,4.902672115846087,0.5348821357214164,0.3280295751165362,0.16449749294150032,0.08556777056723108,-1.9680153990095166,0.016171277758648225,0.088294685,-2.146935275958824
24,35,"[[ 0.37860706 -0.9247936   0.03758562 -0.1937646 ]
 [ 0.00805238 -0.03731585 -0.9992708  -0.8127489 ]
 [ 0.9255223   0.37863362 -0.00668113 -0.95217544]]","[[1907 1691  724 ... 3216    0 2836]
 [2597 1137  441 ... 1872 1125 2238]
 [2669 1760  779 ... 1339 3252 1734]]",MOVE:445.2000000000001,"[[-0.9854044   0.17018072 -0.00404898  0.56687253]
 [ 0.0055365   0.05581216  0.99842566  0.00520326]
 [ 0.17013887  0.98383058 -0.05593975  0.51420353]
 [ 0.          0.          0.          1.        ]]",0.566872527396767,0.005203255010083119,0.5142035294147964,-170.2015846902255,-0.23198876781509425,-93.20682900189313,0.0,0.0,"[array([15.8105332 , 45.76529825, 42.04773172, 22.94847594]), array([29.84733844, 48.97056581, 36.81612278, 26.16604108]), array([30.3905497 , 51.10853175, 50.15360188, 26.44715876])]",25.349473777534115,48.61479860181172,43.0058187934722,25.187225260793113,15.810533195609638,45.76529825088052,42.04773171553329,22.948475939728915,0.5638129,0.44559243,0.6577697,0.39883024,0.5549597702727983,0.445224647010793,9.798415309774498,7.4076257,0.37340322374348034,2.348712921142578,0.37340322374348034,-1.9753096973990978,445,0.1117635663184478,0.11272969513984915,0.14106865,0.0009661288214013464,-0.028338957132375275,4.902672115846087,0.5444338289572229,0.439384233360128,0.1710146086333851,0.08556777056723108,0.0,0.006517115691884798,0.12928745,0.040992773658071927
25,36,"[[ 0.3884828  -0.9208229   0.0341266  -0.29514492]
 [ 0.01117536 -0.03232461 -0.99941474 -0.81259143]
 [ 0.9213875   0.3886368  -0.00226728 -0.9030307 ]]","[[ 847  797 4053 ... 1033 1256 2940]
 [ 418 4095    0 ...  781 2209 1504]
 [2034 1521 1360 ... 3914    0 4095]]",MOVE:445.2000000000001,"[[-0.98717212  0.15954451 -0.00595306  0.57901222]
 [ 0.00221493  0.05097054  0.99869749  0.00722413]
 [ 0.15964018  0.98587314 -0.0506702   0.62619346]
 [ 0.          0.          0.          1.        ]]",0.5790122199848948,0.007224133207338501,0.6261934558451756,-170.81938005512052,-0.3410957629424453,-92.90449439700569,0.0,0.0,"[array([22.31492795, 60.13731534, 29.48833314, 19.21613029]), array([18.64498354, 58.34451472, 38.22394683, 18.11713149]), array([30.3457443 , 58.56955355, 33.79760376, 18.30897534])]",23.768551928678303,59.017127872582,33.836627907600196,18.547412374868173,22.314927953761906,60.137315339203795,29.488333135378692,19.216130293498594,0.61167294,0.53713787,0.6052625,0.55396914,0.5678439101129413,0.5570901357034919,9.180619944879481,27.600603,-0.6177953648950165,20.192977905273438,-0.6177953648950165,-20.810773270168454,445,0.1117635663184478,0.11260501152203083,0.10330126,0.0008414452035830217,0.009303754626965519,4.902672115846087,0.5539855221930294,0.5507388916037198,0.1602320454124073,0.08556777056723108,0.0,-0.01078256322097783,0.4817214,0.35243395022948915
26,37,"[[ 0.38356903 -0.9229237   0.03295156 -0.39798078]
 [ 0.00611856 -0.03313911 -0.9994298  -0.80929166]
 [ 0.9234894   0.3835534  -0.00706461 -0.8576584 ]]","[[ 941 3407 1001 ... 2242 2333 1863]
 [   0  931 2711 ... 1163  831 3793]
 [3114 3866    0 ... 3343 3066 2457]]",MOVE:445.2000000000001,"[[-0.98629448  0.164976   -0.00126343  0.5950894 ]
 [ 0.00737049  0.05171045  0.9986327   0.00604711]
 [ 0.16481554  0.98494085 -0.0522189   0.73748087]
 [ 0.          0.          0.          1.        ]]",0.5950894047135735,0.006047111919146864,0.7374808693805008,-170.50415364634753,-0.07236998062087069,-92.9932623550277,0.0,0.0,"[array([36.59445996, 70.81768959, 24.59461677, 13.2766073 ]), array([23.34711896, 73.69247522, 26.19070468, 12.74896107]), array([26.15639644, 69.29728227, 28.61554505, 12.60411386])]",28.69932512041349,71.26914902681244,26.46695549937483,12.876560744500404,36.594459956781584,70.81768959027583,24.594616773449207,13.276607297560584,0.6273526,0.6642491,0.56351846,0.6904871,0.5835410773744272,0.668440039897738,9.495846353652468,7.032129,0.31522640877298613,-20.56847381591797,0.31522640877298613,20.883700224690955,445,0.1117635663184478,0.11245088805386494,0.12807468,0.0006873217354171346,-0.015623787744551199,4.902672115846087,0.563537215428836,0.6620935498473116,0.16573378413473344,0.08556777056723108,0.0,0.005501738722326147,0.1227338,-0.35898759019801063
27,38,"[[ 0.39943007 -0.9162003   0.0320834  -0.49759197]
 [ 0.00772282 -0.03163344 -0.99946946 -0.80437404]
 [ 0.9167291   0.39946598 -0.00555939 -0.8125394 ]]","[[2315 1167 1135 ... 2756    0  794]
 [ 860 3710 2166 ...  690 2901 3778]
 [ 495 3554  887 ...  899 2873  994]]",MOVE:445.2000000000001,"[[-0.98899732  0.14790631 -0.00207812  0.60965366]
 [ 0.00544403  0.05043621  0.99871222  0.00320904]
 [ 0.14782051  0.98771282 -0.05068563  0.84593419]
