vive_data|vlp_data|last_cmd
[array(([[-4.8165724e-01,  8.7635130e-01,  3.8211378e-03, -2.4045281e-01], [-1.8725693e-03,  3.3310817e-03, -9.9999267e-01, -8.0624676e-01], [-8.7635767e-01, -4.8166090e-01,  3.6630627e-05, -2.4916911e-01]],),      dtype=[('m', '<f4', (3, 4))]), array(([[-4.8163831e-01,  8.7636179e-01,  3.8063789e-03, -2.4034795e-01], [-1.7995280e-03,  3.3543843e-03, -9.9999273e-01, -8.0643654e-01], [-8.7636817e-01, -4.8164171e-01, -3.8520895e-05, -2.4897826e-01]],),      dtype=[('m', '<f4', (3, 4))]), array(([[-4.8171535e-01,  8.7632024e-01,  3.6150790e-03, -2.4042921e-01], [-1.6806279e-03,  3.2014502e-03, -9.9999344e-01, -8.0636460e-01], [-8.7632608e-01, -4.8171830e-01, -6.9377791e-05, -2.4886857e-01]],),      dtype=[('m', '<f4', (3, 4))]), array(([[-4.8177704e-01,  8.7628609e-01,  3.6723842e-03, -2.4046549e-01], [-1.8310462e-03,  3.1841518e-03, -9.9999321e-01, -8.0631691e-01], [-8.7629187e-01, -4.8178053e-01,  7.0510687e-05, -2.4921417e-01]],),      dtype=[('m', '<f4', (3, 4))]), array(([[-4.8168302e-01,  8.7633765e-01,  3.7078334e-03, -2.4037568e-01], [-1.8350595e-03,  3.2224057e-03, -9.9999309e-01, -8.0625731e-01], [-8.7634355e-01, -4.8168653e-01,  5.5995202e-05, -2.4925850e-01]],),      dtype=[('m', '<f4', (3, 4))]), array(([[-4.8164320e-01,  8.7635994e-01,  3.6098254e-03, -2.4038275e-01], [-1.7386894e-03,  3.1635386e-03, -9.9999344e-01, -8.0615765e-01], [-8.7636560e-01, -4.8164636e-01,  6.2374710e-08, -2.4937461e-01]],),      dtype=[('m', '<f4', (3, 4))]), array(([[-4.8178965e-01,  8.7627900e-01,  3.7095328e-03, -2.4041545e-01], [-1.9189614e-03,  3.1782070e-03, -9.9999309e-01, -8.0597824e-01], [-8.7628478e-01, -4.8179346e-01,  1.5035996e-04, -2.4973439e-01]],),      dtype=[('m', '<f4', (3, 4))]), array(([[-4.8173487e-01,  8.7630904e-01,  3.7327223e-03, -2.4043520e-01], [-1.8004500e-03,  3.2698296e-03, -9.9999303e-01, -8.0603415e-01], [-8.7631512e-01, -4.8173827e-01,  2.6012606e-06, -2.4957615e-01]],),      dtype=[('m', '<f4', (3, 4))]), array(([[-4.8190472e-01,  8.7621552e-01,  3.7527727e-03, -2.4040122e-01], [-1.8164342e-03,  3.2839209e-03, -9.9999291e-01, -8.0614674e-01], [-8.7622172e-01, -4.8190817e-01,  9.0925660e-06, -2.4938557e-01]],),      dtype=[('m', '<f4', (3, 4))]), array(([[-4.8187152e-01,  8.7623417e-01,  3.6692827e-03, -2.4038622e-01], [-1.8525937e-03,  3.1687538e-03, -9.9999326e-01, -8.0624557e-01], [-8.7623990e-01, -4.8187509e-01,  9.6415264e-05, -2.4914810e-01]],),      dtype=[('m', '<f4', (3, 4))])]||CAL:1
[array(([[-4.7545961e-01,  8.7962085e-01,  1.4326514e-02,  5.2095169e-01], [-6.1513269e-03,  1.2960534e-02, -9.9989706e-01, -8.2737231e-01], [-8.7971598e-01, -4.7549883e-01, -7.5133343e-04, -7.3156458e-01]],),      dtype=[('m', '<f4', (3, 4))]), array(([[-4.7569114e-01,  8.7948501e-01,  1.4965183e-02,  5.2068877e-01], [-6.3118101e-03,  1.3600064e-02, -9.9988759e-01, -8.2697576e-01], [-8.7958968e-01, -4.7573215e-01, -9.1824646e-04, -7.3208892e-01]],),      dtype=[('m', '<f4', (3, 4))]), array(([[-4.7567585e-01,  8.7950104e-01,  1.4503300e-02,  5.2065456e-01], [-6.1429176e-03,  1.3166279e-02, -9.9989444e-01, -8.2704139e-01], [-8.7959915e-01, -4.7571477e-01, -8.6013752e-04, -7.3182243e-01]],),      dtype=[('m', '<f4', (3, 4))]), array(([[-4.7554493e-01,  8.7957174e-01,  1.4509649e-02,  5.2062738e-01], [-6.3317427e-03,  1.3071265e-02, -9.9989450e-01, -8.2714343e-01], [-8.7966859e-01, -4.7558665e-01, -6.4671075e-04, -7.3172611e-01]],),      dtype=[('m', '<f4', (3, 4))]), array(([[-4.7553033e-01,  8.7958038e-01,  1.4462881e-02,  5.2098250e-01], [-6.5040132e-03,  1.2924953e-02, -9.9989527e-01, -8.2713968e-01], [-8.7967521e-01, -4.7557464e-01, -4.2536392e-04, -7.3173219e-01]],),      dtype=[('m', '<f4', (3, 4))]), array(([[-4.7571534e-01,  8.7946856e-01,  1.5162375e-02,  5.2081233e-01], [-6.6357558e-03,  1.3649064e-02, -9.9988478e-01, -8.2715482e-01], [-8.7957424e-01, -4.7576120e-01, -6.5708964e-04, -7.3171806e-01]],),      dtype=[('m', '<f4', (3, 4))]), array(([[-4.7543305e-01,  8.7963271e-01,  1.4476918e-02,  5.2097243e-01], [-6.5683560e-03,  1.2906080e-02, -9.9989510e-01, -8.2751960e-01], [-8.7972730e-01, -4.7547832e-01, -3.5819504e-04, -7.3133147e-01]],),      dtype=[('m', '<f4', (3, 4))]), array(([[-4.7531644e-01,  8.7969285e-01,  1.4652133e-02,  5.2095485e-01], [-6.8139667e-03,  1.2972476e-02, -9.9989259e-01, -8.2736164e-01], [-8.7978846e-01, -4.7536528e-01, -1.7179229e-04, -7.3147595e-01]],),      dtype=[('m', '<f4', (3, 4))]), array(([[-4.7546086e-01,  8.7961835e-01,  1.4437326e-02,  5.2118003e-01], [-6.5273335e-03,  1.2883261e-02, -9.9989569e-01, -8.2732236e-01], [-8.7971264e-01, -4.7550553e-01, -3.8388270e-04, -7.3153985e-01]],),      dtype=[('m', '<f4', (3, 4))]), array(([[-4.7559604e-01,  8.7953299e-01,  1.5168225e-02,  5.2066749e-01], [-6.7462106e-03,  1.3595887e-02, -9.9988478e-01, -8.2722062e-01], [-8.7963790e-01, -4.7564360e-01, -5.3259433e-04, -7.3164713e-01]],),      dtype=[('m', '<f4', (3, 4))])]||CAL:2
[array(([[-0.471589  ,  0.8816788 , -0.01568959,  0.03161496], [ 0.02054233, -0.00680333, -0.9997658 , -0.82953846], [-0.8815791 , -0.4718009 , -0.01490333, -1.4922792 ]],),      dtype=[('m', '<f4', (3, 4))]), array(([[-0.47143722,  0.8817625 , -0.0155496 ,  0.03161327], [ 0.0206353 , -0.00659778, -0.9997653 , -0.8294721 ], [-0.88165814, -0.47164747, -0.01508495, -1.4922333 ]],),      dtype=[('m', '<f4', (3, 4))]), array(([[-0.4714131 ,  0.88176274, -0.01624879,  0.03156243], [ 0.02089866, -0.00725012, -0.99975526, -0.8295459 ], [-0.8816648 , -0.47163734, -0.01500982, -1.4922457 ]],),      dtype=[('m', '<f4', (3, 4))]), array(([[-0.47133416,  0.8818016 , -0.01643053,  0.03154059], [ 0.02094062, -0.00743525, -0.99975306, -0.8295191 ], [-0.88170606, -0.47156185, -0.01496095, -1.4922959 ]],),      dtype=[('m', '<f4', (3, 4))]), array(([[-0.47160262,  0.8816654 , -0.01603199,  0.03158314], [ 0.02074162, -0.00708468, -0.99975973, -0.82944524], [-0.8815672 , -0.47182187, -0.01494597, -1.4922593 ]],),      dtype=[('m', '<f4', (3, 4))]), array(([[-0.4721085 ,  0.88137984, -0.01682505,  0.03147034], [ 0.02089737, -0.00789104, -0.99975044, -0.8294942 ], [-0.88129264, -0.47234234, -0.01469305, -1.4923196 ]],),      dtype=[('m', '<f4', (3, 4))]), array(([[-0.4713969 ,  0.88177055, -0.01629619,  0.03149643], [ 0.02083183, -0.00733992, -0.99975604, -0.82950115], [-0.88167506, -0.47162142, -0.01490884, -1.4922117 ]],),      dtype=[('m', '<f4', (3, 4))]), array(([[-0.47138214,  0.88176864, -0.01681821,  0.03145484], [ 0.02119428, -0.0077382 , -0.9997454 , -0.82955325], [-0.8816743 , -0.47161862, -0.01504076, -1.4923362 ]],),      dtype=[('m', '<f4', (3, 4))]), array(([[-0.47164583,  0.8816414 , -0.01608131,  0.03164512], [ 0.02093975, -0.00703371, -0.999756  , -0.8294624 ], [-0.88153934, -0.4718675 , -0.01514389, -1.4922678 ]],),      dtype=[('m', '<f4', (3, 4))]), array(([[-0.47160617,  0.8816579 , -0.01633784,  0.03148543], [ 0.02105212, -0.00726523, -0.9997519 , -0.8294457 ], [-0.8815579 , -0.47183317, -0.0151344 , -1.4923197 ]],),      dtype=[('m', '<f4', (3, 4))])]||CAL:3
[array(([[ 0.5308738 , -0.84687877,  0.03113467,  0.3370866 ], [ 0.00719532, -0.03223348, -0.99945444, -0.8239375 ], [ 0.84742033,  0.5308082 , -0.01101833, -0.6229629 ]],),      dtype=[('m', '<f4', (3, 4))]), array(([[ 0.52966624, -0.8476422 ,  0.03092444,  0.33525342], [ 0.00698292, -0.03209976, -0.9994602 , -0.82406014], [ 0.8481774 ,  0.52959627, -0.01108312, -0.62187916]],),      dtype=[('m', '<f4', (3, 4))]), array(([[ 0.5302661 , -0.8472683 ,  0.03089172,  0.3351614 ], [ 0.0068949 , -0.03212547, -0.99946004, -0.8241048 ], [ 0.84780324,  0.53019273, -0.0111932 , -0.621647  ]],),      dtype=[('m', '<f4', (3, 4))]), array(([[ 0.53000814, -0.84744227,  0.03054363,  0.3351832 ], [ 0.00661087, -0.03188841, -0.9994695 , -0.8240521 ], [ 0.8479668 ,  0.52992886, -0.01129877, -0.62155944]],),      dtype=[('m', '<f4', (3, 4))]), array(([[ 0.53028595, -0.84726506,  0.03063743,  0.3352188 ], [ 0.00677875, -0.03189843, -0.9994681 , -0.8242202 ], [ 0.84779173,  0.53021157, -0.01117187, -0.62154424]],),      dtype=[('m', '<f4', (3, 4))]), array(([[ 0.5303848 , -0.84719574,  0.0308427 ,  0.335195  ], [ 0.00685865, -0.03209215, -0.99946135, -0.82423145], [ 0.84772927,  0.53031063, -0.01121056, -0.6214042 ]],),      dtype=[('m', '<f4', (3, 4))]), array(([[ 0.53007483, -0.84739864,  0.03059733,  0.3351796 ], [ 0.00661411, -0.03195077, -0.99946755, -0.82422423], [ 0.84792507,  0.52999496, -0.0113315 , -0.6214021 ]],),      dtype=[('m', '<f4', (3, 4))]), array(([[ 0.53027207, -0.8472698 ,  0.0307478 ,  0.33521715], [ 0.00687507, -0.03196818, -0.9994652 , -0.8243493 ], [ 0.84779966,  0.5301999 , -0.01112678, -0.6212671 ]],),      dtype=[('m', '<f4', (3, 4))]), array(([[ 0.53022265, -0.8472885 ,  0.03108304,  0.3352532 ], [ 0.00696229, -0.03230833, -0.99945366, -0.82436424], [ 0.8478298 ,  0.5301494 , -0.01123152, -0.62125814]],),      dtype=[('m', '<f4', (3, 4))]), array(([[ 0.53046477, -0.8471318 ,  0.03122171,  0.3353161 ], [ 0.00710119, -0.0323888 , -0.9994501 , -0.8244063 ], [ 0.84767723,  0.5303948 , -0.01116546, -0.6211803 ]],),      dtype=[('m', '<f4', (3, 4))])]|[[3440, 750, 3155, 775, 3508, 671, 1983, 3196, 418, 2727, 1450, 3215, 641, 3323, 1154, 2930, 396, 3786, 155, 1567, 3599, 897, 2942, 975, 3363, 767, 2542, 1198, 2573, 418, 3585, 598, 916, 2939, 1215, 2745, 330, 3737, 170, 2732, 1393, 3085, 578, 2981, 1219, 776, 2595, 1293, 2315, 653, 3533, 745, 3055, 783, 3429, 703, 1776, 1278, 458, 2727, 1447, 3164, 645, 3344, 1062, 2796, 428, 3791, 171, 1320, 506, 911, 3001, 941, 3326, 750, 2592, 1126, 2623, 598, 3573, 936, 906, 1134, 1250, 2761, 270, 3742, 173, 2759, 1331, 3072, 588, 3305, 1193, 744, 2623, 1285, 2269, 570, 3501, 773, 3149, 837, 3377, 680, 1595, 1700, 421, 2813, 1443, 3168, 678, 3315, 1277, 2883, 437, 3786, 162, 1017, 3610, 833, 2978, 1020, 3317, 767, 2613, 1190, 2658, 542, 3581, 919, 878, 2980, 1212, 2730, 335, 3741, 165, 2624, 1266, 3052, 555, 3292, 1162, 740, 2582, 1288, 2373, 765, 3529, 797, 3057, 777, 3299, 689, 2252, 2155, 460, 2617, 1436, 2581, 651, 3329, 1256, 2780, 385, 3781, 210, 830, 3569, 884, 3005, 1018, 3452, 778, 2669, 1189, 2570, 497, 3569, 975, 773, 2951, 11, 1772, 0, 3244, 0, 2589, 2433, 4069, 1515, 4012, 1877, 1264, 3005, 1589, 2480, 929, 3588, 847, 3086, 770, 3142, 0, 1006, 1326, 1155, 3173, 1854, 3595, 976, 3502, 1325, 2987, 418, 3742, 154, 1976, 3470, 753, 2835, 795, 3071, 593, 2383, 1012, 2542, 308, 3392, 737, 686, 2878, 1271, 2632, 302, 3673, 103, 2857, 1255, 3026, 536, 3176, 1304, 717, 2585, 1220, 2353, 713, 3571, 799, 3148, 858, 3600, 711, 2102, 2986, 492, 2614, 1485, 3237, 696, 3381, 1195, 2921, 434, 3808, 217, 1955, 3636, 940, 2964, 1036, 3214, 776, 2579, 1290, 2740, 443, 3542, 1052, 1023, 2978, 1341, 2718, 371, 3768, 137, 2868, 1365, 2821, 493, 3122, 1376, 681, 2553, 1343, 2344, 662, 3517, 774, 3127, 791, 3711, 718, 1932, 3114, 415, 2550, 1489, 3219, 587, 3334, 1128, 2869, 338, 3788, 187, 1609, 3585, 875, 3041, 1000, 3353, 643, 2570, 1173, 2643, 387, 3507, 919, 946, 2962, 1250, 2780, 348, 3755, 85, 2772, 1334, 3089, 606, 3324, 1526, 771, 2558, 1310, 2313, 594, 3531, 838, 3122, 817, 3457, 749, 2814, 3333, 419, 2695, 1458, 3173, 589, 3321, 1097, 2886, 414, 3802, 219, 2674, 3607, 889, 3060, 1027, 3329, 657, 2619, 1200, 2668, 311, 3629, 975, 1873, 2957, 1292, 2757, 326, 3741, 228, 2774, 1345, 3042, 618, 2913, 1180, 1028, 2542, 1329, 2301, 493, 3545, 816, 3154, 777, 3397, 683, 1537, 3440, 574, 2644, 1452, 3261, 689, 3328, 1046, 2805, 406, 3778, 161, 1117, 3605, 558, 2990, 1030, 3292, 738, 2553, 1188, 2654, 515, 3558, 881, 874, 2982, 1508, 2791, 311, 3741, 150, 2753, 1402, 3064, 598, 3286, 1250, 748, 2582, 1241, 2373, 577, 3521, 757, 3121, 793, 3273, 651, 1272, 2216, 427, 2617, 1403, 3268, 662, 3308, 1266, 3014, 522, 3870, 188, 965, 3662, 897, 3050, 974, 3290, 772, 2644, 1120, 2699, 532, 3567, 964, 861, 2980, 1150, 2765, 308, 3736, 169, 2597, 1260, 3069, 561, 3240, 1161, 743, 2566, 1281, 2304, 832, 3532, 841, 3150, 748, 3258, 716, 2170, 2522, 412, 2618, 1468, 3249], [3088, 224, 3822, 1232, 2396, 1368, 993, 2656, 860, 3209, 627, 2644, 1335, 3543, 383, 3670, 759, 2752, 1264, 880, 2912, 305, 3541, 1327, 2449, 1228, 3348, 578, 2896, 1010, 2032, 1807, 1451, 3371, 309, 3647, 756, 2944, 720, 3165, 519, 2637, 1256, 1456, 2504, 1372, 3228, 795, 2853, 1018, 3085, 230, 3801, 1322, 2500, 1496, 1043, 2805, 913, 3083, 562, 2630, 1321, 3549, 354, 3485, 812, 2659, 1566, 937, 2872, 325, 3524, 1261, 2448, 1198, 3319, 530, 2939, 993, 1806, 2059, 1527, 3447, 345, 3681, 726, 2928, 755, 3147, 541, 2653, 1317, 1743, 2446, 1263, 3235, 810, 2878, 986, 3091, 247, 3790, 1295, 2474, 1775, 999, 2694, 824, 3223, 617, 2609, 1325, 3553, 377, 3518, 793, 1905, 1892, 1002, 2852, 380, 3567, 1375, 2476, 1239, 3387, 572, 2895, 915, 1567, 2155, 1443, 3400, 306, 3658, 777, 2982, 711, 3174, 541, 2595, 1193, 1644, 2454, 1307, 3244, 787, 2811, 1038, 3038, 210, 3808, 1293, 2433, 2020, 1053, 2810, 850, 3268, 601, 2596, 1354, 3133, 299, 3603, 769, 2358, 2116, 933, 2923, 326, 3549, 1381, 2440, 1188, 3341, 590, 2889, 917, 1363, 2292, 1496, 3361, 353, 3691, 774, 2809, 752, 3146, 548, 2613, 1266, 1564, 2525, 1305, 3266, 794, 2874, 961, 3111, 254, 3840, 1279, 2431, 1309, 1093, 2763, 821, 3310, 615, 2640, 1255, 3549, 338, 3548, 764, 2131, 2332, 958, 2905, 322, 3489, 1397, 2446, 1175, 3326, 590, 2845, 943, 1148, 2332, 1479, 3403, 337, 3681, 840, 2894, 671, 3172, 632, 2629, 1207, 1597, 2559, 1280, 3262, 827, 2860, 1014, 3015, 194, 3768, 1296, 2424, 1203, 1098, 2768, 846, 3277, 657, 2643, 1284, 3495, 366, 3627, 780, 2622, 120, 239, 2407, 0, 4095, 2122, 3104, 1722, 3823, 956, 3135, 1161, 2361, 2431, 1582, 3347, 365, 3647, 749, 2861, 0, 2038, 0, 1954, 885, 3310, 3568, 2083, 3972, 1362, 3278, 1275, 3278, 371, 3836, 1236, 2369, 1310, 1095, 2651, 713, 3122, 452, 2339, 1127, 3382, 174, 3403, 642, 2624, 1143, 797, 2750, 235, 3410, 1176, 2269, 1066, 3291, 476, 2875, 942, 861, 1815, 1422, 3402, 338, 3653, 809, 2892, 772, 3166, 671, 2689, 1279, 1482, 2618, 1413, 3283, 853, 2933, 1050, 3157, 266, 3886, 1334, 2370, 1590, 1097, 2819, 929, 3220, 607, 2676, 1362, 3543, 391, 3726, 845, 2684, 1601, 980, 2848, 329, 3490, 1278, 2471, 1202, 3331, 630, 2944, 978, 1729, 2071, 1528, 3385, 337, 3683, 818, 2909, 730, 3186, 576, 2609, 1212, 1431, 2521, 1291, 3179, 847, 2848, 996, 3024, 359, 3878, 1341, 2465, 1841, 1088, 2776, 882, 3305, 632, 2633, 1339, 3584, 383, 3551, 725, 2472, 1828, 915, 2468, 315, 3553, 1075, 2422, 1201, 3381, 535, 2879, 871, 1551, 2211, 1495, 3402, 330, 3650, 802, 2855, 807, 3178, 554, 2561, 1381, 1642, 2513, 1301, 3264, 859, 2879, 1007, 2964, 245, 3805, 1276, 2421, 2198, 1038, 2755, 866, 3301, 640, 2653, 1290, 3618, 403, 3573, 776, 2268, 2117, 954, 2466, 332, 3585, 1388, 2445, 1237, 3301, 614, 2915, 967, 1290, 2312, 1482, 3342, 315, 3664, 780, 2902, 757, 3075, 484, 2563, 1227, 1563, 2492, 1221, 3206, 817, 2855, 1002, 3123, 272, 3785, 1299, 2414, 1266, 1078, 2766, 854, 3282, 663, 2642], [2951, 1017, 3228, 802, 2925, 1217, 2610, 523, 3511, 427, 2590, 1524, 1163, 2682, 541, 3793, 269, 2869, 1366, 2670, 627, 3257, 1095, 2030, 2377, 1325, 2388, 767, 3482, 320, 3100, 773, 3304, 628, 2863, 1364, 921, 2546, 1478, 2716, 671, 3264, 1158, 2757, 663, 3784, 60, 2634, 756, 545, 2970, 1016, 3153, 779, 2721, 1264, 2638, 491, 3596, 530, 2479, 1830, 1322, 2737, 676, 3688, 264, 2635, 1358, 2480, 580, 3287, 999, 1774, 2547, 1324, 2316, 753, 3531, 471, 3121, 798, 3556, 674, 2838, 1325, 685, 2537, 1464, 2689, 685, 3331, 1213, 2879, 632, 3796, 155, 3006, 322, 556, 2979, 1024, 3057, 736, 2913, 1233, 2637, 422, 3635, 506, 2843, 876, 1393, 2727, 621, 3690, 207, 2564, 1381, 2484, 499, 3389, 945, 1552, 2524, 1365, 2350, 696, 3432, 441, 3138, 783, 3524, 632, 2797, 1318, 639, 2396, 1459, 2576, 686, 3252, 1095, 2861, 562, 3804, 158, 3107, 607, 530, 2974, 1036, 3132, 804, 2867, 1210, 2633, 383, 3581, 475, 2882, 1040, 1325, 2742, 537, 3695, 223, 2769, 1360, 2516, 631, 3316, 914, 2460, 1704, 1291, 2315, 665, 3494, 455, 3143, 790, 3431, 606, 2825, 1330, 1614, 2376, 1513, 2626, 694, 3303, 1106, 2869, 508, 3790, 76, 2908, 464, 739, 2908, 1087, 3287, 766, 2830, 1260, 2690, 382, 3550, 395, 2746, 1154, 1521, 2649, 522, 3697, 216, 2740, 1295, 2578, 576, 3312, 884, 2367, 1982, 1321, 2226, 630, 3509, 461, 3085, 830, 3445, 698, 2780, 1304, 551, 2545, 1475, 2505, 733, 3318, 1086, 2798, 805, 3798, 164, 2772, 758, 524, 2943, 994, 3282, 798, 2805, 1219, 2621, 352, 3589, 433, 2696, 1320, 1224, 2751, 732, 3701, 214, 2609, 1373, 2587, 585, 3371, 1079, 2195, 2198, 1246, 2314, 805, 3439, 425, 3106, 797, 3289, 699, 2722, 1289, 1133, 2610, 1518, 2654, 662, 3352, 1300, 2863, 736, 3806, 149, 2733, 335, 0, 2273, 594, 2951, 1836, 3638, 1954, 3289, 1032, 3972, 783, 2727, 1741, 1317, 2802, 709, 3697, 226, 2593, 1269, 1212, 0, 2594, 530, 1716, 3805, 2494, 3237, 1287, 4040, 782, 3431, 1034, 3422, 687, 2676, 1319, 838, 2446, 1330, 2526, 442, 3143, 1231, 2657, 488, 3601, 0, 2448, 2626, 421, 2807, 873, 3049, 690, 2650, 1161, 2543, 376, 3503, 434, 2409, 1726, 1121, 2722, 640, 3706, 258, 2626, 1382, 2714, 598, 3327, 1017, 1794, 2517, 1392, 2377, 797, 3572, 485, 3157, 857, 3328, 749, 2898, 1401, 822, 2581, 1528, 2806, 742, 3305, 1271, 2875, 830, 3845, 191, 2589, 406, 551, 3003, 1007, 3138, 807, 2749, 1242, 2665, 591, 3594, 448, 2334, 2153, 1364, 2713, 643, 3687, 192, 2531, 1366, 2466, 577, 3234, 976, 1540, 2584, 1302, 2300, 723, 3483, 414, 3088, 814, 3226, 685, 2766, 1239, 627, 2445, 1432, 2708, 737, 3270, 1163, 2852, 534, 3785, 145, 2865, 570, 522, 2967, 1037, 3138, 762, 2869, 1225, 2619, 408, 3561, 481, 2129, 1078, 1328, 2743, 565, 3694, 210, 2547, 1360, 2535, 639, 3316, 1119, 1297, 1751, 1284, 2321, 606, 3502, 444, 3125, 772, 3499, 707, 2829, 1345, 610, 2432, 1463, 2606, 733, 3328, 1128, 2835, 533, 3805, 169, 2867, 965, 540, 3000, 1022, 3120, 838, 2840, 1225, 2617, 353, 3564, 593, 2678, 933]]|MOVE:445.2000000000001
[array(([[ 0.5389166 , -0.8419667 ,  0.02570995,  0.24548313], [ 0.00868733, -0.0249644 , -0.99965054, -0.82140434], [ 0.8423143 ,  0.5389516 , -0.00613927, -0.5595553 ]],),      dtype=[('m', '<f4', (3, 4))]), array(([[ 0.5410863 , -0.8405704 ,  0.02582679,  0.2438253 ], [ 0.00921966, -0.02477973, -0.9996504 , -0.82101995], [ 0.8409165 ,  0.54113525, -0.00565819, -0.5584909 ]],),      dtype=[('m', '<f4', (3, 4))]), array(([[ 0.5408606 , -0.8407271 ,  0.02545117,  0.24374102], [ 0.00875795, -0.02462823, -0.9996583 , -0.8211258 ], [ 0.84106666,  0.5408986 , -0.00595738, -0.5585473 ]],),      dtype=[('m', '<f4', (3, 4))]), array(([[ 0.54108894, -0.8405761 ,  0.02558364,  0.24370006], [ 0.00866151, -0.02484975, -0.99965364, -0.82091904], [ 0.84092075,  0.5411231 , -0.00616525, -0.55875754]],),      dtype=[('m', '<f4', (3, 4))]), array(([[ 0.54151493, -0.8402982 ,  0.02570117,  0.24363393], [ 0.00874757, -0.02493785, -0.9996507 , -0.8208619 ], [ 0.8406456 ,  0.54155064, -0.00615364, -0.5588568 ]],),      dtype=[('m', '<f4', (3, 4))]), array(([[ 0.54100204, -0.84064704,  0.02508595,  0.24352416], [ 0.0082372 , -0.02453013, -0.99966514, -0.8207212 ], [ 0.84098095,  0.5410275 , -0.00634626, -0.5589355 ]],),      dtype=[('m', '<f4', (3, 4))]), array(([[ 0.5411056 , -0.8405653 ,  0.02558635,  0.24352126], [ 0.00843528, -0.0249987 , -0.99965185, -0.82064545], [ 0.84091234,  0.54113305, -0.00643652, -0.5591731 ]],),      dtype=[('m', '<f4', (3, 4))]), array(([[ 0.5413112 , -0.8404335 ,  0.02556873,  0.24346349], [ 0.00830391, -0.02506421, -0.9996513 , -0.8205401 ], [ 0.84078133,  0.54133475, -0.00658864, -0.5592555 ]],),      dtype=[('m', '<f4', (3, 4))]), array(([[ 0.54113483, -0.84055597,  0.02527365,  0.24348895], [ 0.00830339, -0.02471195, -0.9996601 , -0.82048434], [ 0.8408948 ,  0.54116076, -0.00639302, -0.55941844]],),      dtype=[('m', '<f4', (3, 4))]), array(([[ 0.5411376 , -0.84055275,  0.02532144,  0.2434471 ], [ 0.0082326 , -0.02481438, -0.99965817, -0.8203846 ], [ 0.84089375,  0.541161  , -0.00650805, -0.55952513]],),      dtype=[('m', '<f4', (3, 4))])]|[[1291, 3811, 108, 2675, 1527, 2155, 733, 2068, 2934, 801, 3272, 1409, 2460, 429, 3575, 315, 2787, 933, 3295, 464, 1276, 3709, 188, 2257, 1660, 2150, 548, 3423, 885, 2676, 1161, 3243, 268, 752, 3438, 215, 2913, 1077, 3138, 714, 3153, 1471, 2440, 264, 3040, 475, 695, 3347, 1148, 2513, 1279, 3822, 116, 2795, 1531, 2193, 753, 1888, 2942, 845, 3311, 1426, 2350, 401, 3574, 300, 2686, 992, 3359, 514, 1123, 3717, 179, 2251, 1634, 2189, 558, 3477, 926, 2700, 1157, 3540, 194, 675, 3464, 200, 2919, 1043, 3074, 711, 3144, 1472, 2432, 245, 2834, 685, 695, 3367, 1211, 2628, 1284, 3830, 86, 2731, 1461, 2152, 708, 1638, 1805, 815, 3324, 1447, 2456, 411, 3573, 317, 2737, 950, 3384, 461, 1122, 3692, 163, 2391, 1665, 2161, 573, 3501, 1002, 2671, 1171, 3466, 286, 612, 3411, 162, 2906, 1044, 3070, 692, 3240, 1469, 2433, 205, 3585, 747, 666, 3297, 1184, 2554, 1240, 3806, 117, 2736, 1513, 2144, 743, 1434, 2235, 848, 3365, 1425, 2372, 439, 3574, 328, 2738, 971, 3431, 550, 1100, 3728, 218, 2371, 1628, 2088, 542, 2298, 60, 2050, 755, 3198, 1516, 1572, 4095, 835, 3487, 1501, 3446, 965, 3338, 1567, 2493, 379, 3479, 908, 634, 1580, 0, 1535, 536, 4095, 1150, 3480, 2107, 2692, 1168, 2875, 2657, 988, 3425, 1428, 2383, 394, 3481, 180, 2584, 792, 3268, 385, 902, 3520, 0, 2151, 1445, 1977, 349, 3367, 680, 2559, 1063, 3354, 372, 478, 3400, 92, 2851, 980, 3091, 608, 3199, 1377, 2474, 300, 3360, 1221, 694, 3403, 1317, 2627, 1297, 3862, 93, 2726, 1563, 2231, 780, 2440, 2851, 868, 3376, 1493, 2490, 499, 3573, 293, 2817, 1016, 3434, 587, 1421, 3746, 246, 2283, 1675, 2164, 596, 3438, 907, 2716, 1209, 3376, 574, 541, 3395, 206, 2899, 1030, 3133, 700, 3206, 1512, 2448, 196, 3243, 1375, 663, 3406, 1068, 2565, 1201, 3812, 86, 2621, 1457, 2164, 751, 2091, 2801, 790, 3347, 1411, 2405, 420, 3574, 292, 2673, 916, 3352, 475, 1200, 3702, 202, 2265, 1597, 2165, 523, 3464, 863, 2593, 1172, 3278, 647, 695, 3450, 226, 2863, 1008, 3172, 721, 3167, 1483, 2391, 215, 3065, 1666, 673, 3291, 1166, 2592, 1257, 3830, 143, 2642, 1456, 2189, 739, 1876, 2964, 872, 3358, 1425, 2442, 410, 3555, 310, 2703, 941, 3377, 532, 1182, 3725, 247, 2279, 1632, 2076, 583, 3470, 951, 2606, 1138, 3561, 258, 662, 3387, 255, 2885, 1012, 3159, 700, 3184, 1460, 2382, 262, 2855, 1901, 687, 3398, 1241, 2593, 1201, 3833, 109, 2737, 1479, 2195, 758, 1634, 3022, 814, 3332, 1420, 2358, 407, 3565, 298, 2795, 974, 3406, 525, 1071, 3719, 188, 2262, 1626, 2187, 588, 3401, 966, 2661, 1147, 3499, 305, 630, 3472, 221, 2893, 1032, 3045, 693, 3102, 1449, 2430, 249, 2650, 755, 678, 3378, 787, 2614, 1308, 3875, 149, 2775, 1545, 2175, 769, 1521, 3035, 806, 3280, 1441, 2430, 401, 3529, 340, 2760, 947, 3399, 555, 1148, 3719, 185, 2292, 1613, 2137, 559, 3396, 988, 2648, 1182, 3462, 348, 623, 3486, 205, 2867, 1028, 3089, 720, 3133, 1332, 2433, 249, 3481, 964, 724, 3385, 1250, 2585, 1310, 3808, 127, 2622, 1503, 2138, 754, 1396, 2588, 805, 3364, 1350], [1450, 3215, 195, 3377, 1129, 2606, 225, 1415, 3324, 353, 3795, 991, 2207, 1259, 3155, 494, 2583, 939, 2869, 364, 1435, 2881, 457, 3261, 1059, 2875, 247, 3257, 790, 2224, 1578, 3200, 487, 1411, 3265, 566, 2478, 1239, 2655, 378, 3896, 893, 2447, 1146, 2721, 1631, 443, 3106, 916, 2416, 1398, 3147, 189, 3322, 1177, 2618, 0, 1431, 1241, 315, 3826, 990, 2202, 1292, 3144, 501, 2599, 1016, 2925, 365, 1449, 2952, 480, 3218, 988, 2896, 205, 3226, 815, 2309, 1595, 3120, 511, 1419, 3315, 563, 2451, 1280, 2671, 366, 3912, 896, 2492, 1245, 2546, 1926, 469, 3072, 949, 2481, 1415, 2943, 120, 3305, 1165, 2612, 288, 2161, 1374, 300, 3807, 941, 2222, 1170, 3167, 499, 2584, 978, 2944, 392, 1462, 2994, 384, 3240, 1039, 2870, 164, 3426, 788, 2290, 1580, 3129, 769, 1378, 3307, 540, 2495, 1299, 2689, 385, 3913, 944, 2492, 1261, 2364, 2218, 475, 3087, 891, 2346, 1460, 3093, 211, 3257, 1202, 2627, 191, 1838, 1767, 303, 3792, 887, 2222, 1348, 3154, 491, 2597, 973, 2829, 451, 1555, 2983, 463, 3230, 1068, 2880, 196, 3340, 784, 2275, 1549, 2962, 876, 1447, 3259, 571, 2513, 1271, 2683, 362, 3912, 959, 2490, 1177, 2219, 2437, 469, 3014, 920, 2358, 1414, 3035, 0, 2433, 584, 2250, 0, 2878, 3497, 1164, 4095, 1570, 2699, 1732, 3478, 715, 2708, 989, 2823, 399, 1453, 2844, 0, 1892, 38, 2196, 1104, 4055, 1356, 2674, 1889, 3150, 1304, 1538, 3364, 599, 2422, 1168, 2598, 271, 3741, 735, 2285, 1048, 1826, 2454, 303, 2838, 716, 2197, 1263, 3077, 99, 2952, 1048, 2480, 168, 1460, 2835, 231, 3756, 962, 2211, 1327, 3148, 500, 2584, 1001, 2901, 374, 1519, 3002, 479, 3081, 1130, 2925, 245, 3342, 821, 2350, 1556, 2794, 463, 1510, 3391, 658, 2530, 1305, 2823, 458, 3939, 944, 2467, 1246, 1834, 2759, 511, 3034, 929, 2404, 1445, 3311, 276, 3420, 1173, 2617, 265, 1418, 3295, 286, 3809, 988, 2217, 1301, 3197, 512, 2534, 969, 2889, 411, 1450, 2972, 414, 2979, 1038, 2852, 173, 3286, 804, 2248, 1453, 3215, 487, 1423, 3203, 514, 2453, 1224, 2658, 378, 3887, 870, 2450, 1118, 1547, 1625, 480, 3056, 877, 2348, 1389, 3253, 158, 3354, 1158, 2594, 218, 1413, 3498, 308, 3778, 939, 2222, 1252, 3082, 408, 2599, 986, 2903, 315, 1504, 2965, 373, 3196, 1012, 2874, 200, 3267, 854, 2267, 1589, 3105, 596, 1411, 3319, 535, 2514, 1271, 2692, 327, 3906, 895, 2472, 1005, 2633, 1952, 473, 3092, 975, 2469, 1426, 2959, 135, 3293, 1174, 2601, 297, 1366, 1411, 231, 3810, 943, 2215, 1170, 3138, 504, 2575, 993, 2929, 394, 1478, 2962, 383, 3235, 1042, 2879, 161, 3228, 821, 2277, 1573, 3057, 787, 1356, 3309, 574, 2486, 1217, 2692, 315, 3913, 874, 2458, 1248, 2437, 2260, 475, 3088, 965, 2456, 1421, 3001, 244, 3238, 1156, 2619, 287, 1894, 1768, 311, 3807, 982, 2225, 1130, 3091, 423, 2562, 983, 2876, 401, 1506, 2989, 449, 3192, 738, 2964, 244, 3215, 758, 2276, 1575, 3007, 876, 1305, 3336, 598, 2480, 1223, 2682, 339, 3911, 943, 2482, 1234, 2213, 2494, 479, 3090, 974, 2337, 1400, 3061, 149, 3155, 1152, 2610, 187, 1618, 2394, 286, 3801, 955], [591, 3411, 394, 2689, 1156, 3494, 165, 1870, 3392, 256, 2823, 1016, 2389, 638, 3106, 1517, 2497, 774, 3819, 329, 897, 3292, 651, 2579, 1248, 3771, 111, 3148, 1527, 2228, 737, 3453, 436, 863, 3307, 1474, 2417, 690, 3555, 402, 2740, 965, 2618, 489, 2586, 3030, 281, 2777, 1650, 2065, 621, 3410, 331, 2642, 1155, 3549, 122, 1576, 2110, 265, 2872, 1042, 2424, 743, 3084, 1384, 2511, 791, 3790, 390, 856, 3342, 682, 2547, 1317, 3790, 147, 3081, 1561, 2271, 751, 3400, 448, 923, 3315, 1429, 2414, 875, 3557, 378, 2740, 884, 2645, 479, 3071, 3421, 179, 2727, 1644, 2139, 641, 3469, 349, 2693, 1133, 3585, 128, 1208, 2488, 211, 2820, 1046, 2408, 653, 3161, 1474, 2516, 746, 3755, 347, 802, 3197, 633, 2533, 1195, 3783, 158, 2979, 1459, 2316, 758, 3392, 486, 889, 3340, 1477, 2393, 849, 3565, 394, 2743, 955, 2671, 486, 3015, 3609, 211, 2648, 1645, 2145, 529, 3464, 357, 2686, 1064, 3584, 153, 2661, 2709, 279, 2891, 1020, 2386, 750, 3105, 1458, 2492, 607, 3772, 367, 769, 3321, 619, 2562, 1270, 3795, 126, 2883, 1516, 2216, 757, 3357, 533, 877, 3268, 1413, 2411, 835, 3558, 339, 2767, 918, 2608, 505, 2939, 3645, 247, 2897, 1651, 2140, 538, 3449, 360, 2692, 1125, 3586, 115, 2436, 3094, 235, 2868, 1038, 2422, 781, 3160, 1442, 2520, 639, 3757, 398, 1241, 3300, 616, 2575, 1272, 3799, 178, 3255, 1515, 2245, 713, 3351, 595, 842, 3246, 1442, 2449, 0, 2589, 0, 2402, 1523, 3645, 1337, 3543, 4095, 642, 2846, 1945, 2372, 769, 3564, 416, 2711, 1106, 3483, 48, 174, 1585, 0, 2124, 505, 2133, 2126, 4095, 2338, 3199, 1136, 4095, 652, 1265, 3521, 728, 2565, 1149, 3664, 32, 3026, 1325, 2066, 527, 3032, 437, 699, 3067, 1214, 2149, 604, 3346, 154, 2571, 825, 2500, 341, 2602, 3572, 176, 2741, 1573, 2016, 562, 3410, 354, 2670, 1168, 3562, 124, 1808, 3461, 298, 2889, 1062, 2366, 781, 3189, 1432, 2615, 517, 3882, 389, 998, 3405, 704, 2621, 1375, 3841, 222, 3198, 1575, 2260, 781, 3447, 510, 958, 3330, 1488, 2476, 777, 3599, 380, 2676, 1007, 2640, 500, 2536, 3695, 260, 2786, 1614, 2179, 602, 3421, 336, 2624, 1156, 3558, 113, 1533, 3446, 229, 2836, 998, 2380, 714, 3097, 1303, 2526, 751, 3787, 312, 855, 3320, 644, 2546, 1264, 3762, 138, 3047, 1469, 2186, 699, 3390, 449, 916, 3294, 1426, 2402, 663, 3523, 351, 2655, 981, 2627, 469, 3033, 3473, 234, 2708, 1561, 2144, 585, 3357, 330, 2614, 1164, 3565, 128, 1165, 3487, 300, 2851, 1038, 2433, 765, 3158, 1365, 2436, 723, 3791, 356, 754, 3318, 694, 2558, 1283, 3796, 179, 2982, 1533, 2220, 747, 3388, 489, 904, 3337, 1450, 2412, 885, 3535, 350, 2699, 870, 2696, 486, 3046, 3673, 325, 2661, 1670, 2173, 585, 3466, 358, 2649, 1180, 3589, 143, 2598, 2878, 246, 2843, 958, 2443, 719, 3142, 1441, 2531, 659, 3764, 294, 1381, 3307, 629, 2541, 1306, 3783, 92, 2879, 1511, 2230, 719, 3293, 546, 849, 3317, 1339, 2333, 855, 3431, 245, 2743, 916, 2699, 434, 2926, 3591, 199, 2482, 1617, 2118, 610, 3365, 411, 2700, 1132, 3498, 195, 2407, 3236, 269, 2868, 1040]]|MOVE:445.2000000000001
[array(([[ 0.20540132, -0.9781302 ,  0.03273388,  0.23375665], [ 0.01627231, -0.03002914, -0.99941653, -0.81858116], [ 0.9785425 ,  0.20581411,  0.00974844, -0.58703196]],),      dtype=[('m', '<f4', (3, 4))]), array(([[ 0.17348458, -0.98431486,  0.03205129,  0.233747  ], [ 0.01617619, -0.02969235, -0.99942815, -0.8186107 ], [ 0.9847037 ,  0.17390382,  0.01077132, -0.58916193]],),      dtype=[('m', '<f4', (3, 4))]), array(([[ 0.17860802, -0.9834255 ,  0.03119915,  0.23406425], [ 0.01531075, -0.02892724, -0.9994642 , -0.8185148 ], [ 0.9838011 ,  0.17898999,  0.00989037, -0.5889775 ]],),      dtype=[('m', '<f4', (3, 4))]), array(([[ 0.17859207, -0.98344165,  0.030779  ,  0.23400143], [ 0.01505844, -0.0285463 , -0.999479  , -0.8184544 ], [ 0.9838079 ,  0.1789625 ,  0.00971098, -0.588963  ]],),      dtype=[('m', '<f4', (3, 4))]), array(([[ 0.17840268, -0.9834916 ,  0.03027749,  0.23400119], [ 0.01493136, -0.02806162, -0.9994947 , -0.8186833 ], [ 0.9838442 ,  0.17876458,  0.00967862, -0.58904636]],),      dtype=[('m', '<f4', (3, 4))]), array(([[ 0.17849867, -0.98348016,  0.03008346,  0.23387383], [ 0.01477306, -0.02789224, -0.99950176, -0.8185358 ], [ 0.9838292 ,  0.17885414,  0.00955031, -0.5890929 ]],),      dtype=[('m', '<f4', (3, 4))]), array(([[ 0.17872182, -0.98343426,  0.0302582 ,  0.23396993], [ 0.01468475, -0.02808372, -0.99949765, -0.81841654], [ 0.98379004,  0.17907634,  0.00942233, -0.5891011 ]],),      dtype=[('m', '<f4', (3, 4))]), array(([[ 0.17876518, -0.9834304 ,  0.03012759,  0.23398802], [ 0.01468232, -0.02795099, -0.9995014 , -0.8185592 ], [ 0.9837822 ,  0.17911837,  0.0094424 , -0.58919203]],),      dtype=[('m', '<f4', (3, 4))]), array(([[ 0.1788451 , -0.9834231 ,  0.02989002,  0.23398058], [ 0.01442129, -0.0277563 , -0.99951065, -0.818459  ], [ 0.9837715 ,  0.17918861,  0.00921817, -0.58927643]],),      dtype=[('m', '<f4', (3, 4))]), array(([[ 0.17897919, -0.98338616,  0.03029907,  0.23396443], [ 0.01443754, -0.02816782, -0.9994989 , -0.8184574 ], [ 0.9837469 ,  0.17932692,  0.00915625, -0.5892532 ]],),      dtype=[('m', '<f4', (3, 4))])]||TURN:-111
