vive_data|vlp_data|last_cmd
[array(([[-0.5397029 ,  0.8416335 ,  0.01933241, -0.20739007], [-0.00443304,  0.02012256, -0.9997876 , -0.79887015], [-0.8418438 , -0.5396741 , -0.00712915, -0.260764  ]],),      dtype=[('m', '<f4', (3, 4))]), array(([[-0.5395053 ,  0.8417608 ,  0.01930425, -0.20749569], [-0.00448745,  0.02005226, -0.9997888 , -0.798803  ], [-0.8419702 , -0.539478  , -0.00704089, -0.26075232]],),      dtype=[('m', '<f4', (3, 4))]), array(([[-0.5397343 ,  0.8416174 ,  0.01915563, -0.20738645], [-0.00451099,  0.01986288, -0.9997925 , -0.79880565], [-0.8418233 , -0.53970873, -0.0069241 , -0.26078063]],),      dtype=[('m', '<f4', (3, 4))]), array(([[-0.5396207 ,  0.84168714,  0.01929053, -0.20742327], [-0.00440015,  0.02009305, -0.9997884 , -0.79890245], [-0.8418967 , -0.53959143, -0.00713902, -0.2608025 ]],),      dtype=[('m', '<f4', (3, 4))]), array(([[-0.53962666,  0.84168756,  0.0191049 , -0.20743512], [-0.00453732,  0.0197847 , -0.99979395, -0.798883  ], [-0.8418921 , -0.5396022 , -0.00685729, -0.26074687]],),      dtype=[('m', '<f4', (3, 4))]), array(([[-0.5398014 ,  0.84157765,  0.01900939, -0.20741436], [-0.0044489 ,  0.01972963, -0.99979544, -0.79880923], [-0.8417806 , -0.5397756 , -0.00690593, -0.26070324]],),      dtype=[('m', '<f4', (3, 4))]), array(([[-0.539705  ,  0.8416324 ,  0.01932138, -0.20739438], [-0.00424595,  0.0202294 , -0.9997863 , -0.79889196], [-0.8418435 , -0.5396717 , -0.00734432, -0.26076987]],),      dtype=[('m', '<f4', (3, 4))]), array(([[-0.5397498 ,  0.8416026 ,  0.01936757, -0.20747241], [-0.00450565,  0.02011824, -0.9997874 , -0.7988165 ], [-0.8418134 , -0.5397224 , -0.00706679, -0.26077604]],),      dtype=[('m', '<f4', (3, 4))]), array(([[-0.5396871 ,  0.84164745,  0.0191655 , -0.20740694], [-0.00422507,  0.02005743, -0.9997899 , -0.7987492 ], [-0.84185505, -0.5396547 , -0.00726866, -0.26081112]],),      dtype=[('m', '<f4', (3, 4))]), array(([[-0.5396174 ,  0.84169126,  0.01920314, -0.20738584], [-0.00415052,  0.02014921, -0.99978834, -0.7988031 ], [-0.84190005, -0.53958297, -0.00737935, -0.26080796]],),      dtype=[('m', '<f4', (3, 4))])]||CAL:1
[array(([[-0.54067   ,  0.84104043,  0.01807946,  0.53846025], [ 0.00606687,  0.02538939, -0.9996592 , -0.7910559 ], [-0.84121287, -0.54037607, -0.01882971, -0.7555734 ]],),      dtype=[('m', '<f4', (3, 4))]), array(([[-0.5408057 ,  0.8409459 ,  0.01841233,  0.5384509 ], [ 0.0060465 ,  0.0257756 , -0.9996494 , -0.7909519 ], [-0.8411257 , -0.5405049 , -0.01902432, -0.7556231 ]],),      dtype=[('m', '<f4', (3, 4))]), array(([[-0.54072183,  0.84100115,  0.01835327,  0.5385081 ], [ 0.0059785 ,  0.02565946, -0.9996528 , -0.79089755], [-0.84118015, -0.54042447, -0.0189025 , -0.7555341 ]],),      dtype=[('m', '<f4', (3, 4))]), array(([[-0.54064375,  0.8410534 ,  0.01825756,  0.53849745], [ 0.00629432,  0.02574648, -0.99964863, -0.7910282 ], [-0.84122807, -0.54033893, -0.01921348, -0.75556535]],),      dtype=[('m', '<f4', (3, 4))]), array(([[-0.54078734,  0.8409519 ,  0.01867579,  0.5383727 ], [ 0.00577929,  0.02591659, -0.9996474 , -0.790983  ], [-0.84113944, -0.5404887 , -0.01887542, -0.7555559 ]],),      dtype=[('m', '<f4', (3, 4))]), array(([[-0.54086006,  0.8409067 ,  0.01860683,  0.5384501 ], [ 0.00592744,  0.02593176, -0.9996461 , -0.7909344 ], [-0.84109163, -0.54055846, -0.01900982, -0.7555854 ]],),      dtype=[('m', '<f4', (3, 4))]), array(([[-0.5408057 ,  0.8409458 ,  0.01841989,  0.5385029 ], [ 0.0060975 ,  0.02581736, -0.99964803, -0.7909768 ], [-0.84112537, -0.5405031 , -0.01908979, -0.75558245]],),      dtype=[('m', '<f4', (3, 4))]), array(([[-0.5409165 ,  0.84087384,  0.01845101,  0.5384851 ], [ 0.00586088,  0.02570526, -0.9996523 , -0.79096437], [-0.8410558 , -0.5406204 , -0.01883261, -0.75559425]],),      dtype=[('m', '<f4', (3, 4))]), array(([[-0.5409068 ,  0.840878  ,  0.01854542,  0.53845054], [ 0.00583974,  0.02580365, -0.99964994, -0.7909274 ], [-0.8410622 , -0.5406092 , -0.01886782, -0.75559664]],),      dtype=[('m', '<f4', (3, 4))]), array(([[-0.54091746,  0.84087926,  0.01817244,  0.53853244], [ 0.00624958,  0.02562396, -0.9996521 , -0.7909862 ], [-0.8410524 , -0.54061574, -0.01911554, -0.7556178 ]],),      dtype=[('m', '<f4', (3, 4))])]||CAL:2
[array(([[-0.5424199 ,  0.8399906 ,  0.01400957,  0.04518984], [ 0.01768217,  0.02808727, -0.999449  , -0.8007989 ], [-0.83992136, -0.5418734 , -0.0300879 , -1.511091  ]],),      dtype=[('m', '<f4', (3, 4))]), array(([[-0.54233074,  0.8400523 ,  0.0137616 ,  0.045168  ], [ 0.01790995,  0.02793537, -0.99944925, -0.80075854], [-0.8399741 , -0.5417856 , -0.03019545, -1.5110484 ]],),      dtype=[('m', '<f4', (3, 4))]), array(([[-0.5423068 ,  0.84006387,  0.0139973 ,  0.04523131], [ 0.01786702,  0.02818707, -0.99944293, -0.8007626 ], [-0.8399905 , -0.54175466, -0.03029543, -1.5110096 ]],),      dtype=[('m', '<f4', (3, 4))]), array(([[-0.5423373 ,  0.8400451 ,  0.0139402 ,  0.04521367], [ 0.01786744,  0.02812072, -0.9994448 , -0.8007724 ], [-0.83997077, -0.5417872 , -0.03026032, -1.5110263 ]],),      dtype=[('m', '<f4', (3, 4))]), array(([[-0.54237205,  0.8400295 ,  0.01352366,  0.04522495], [ 0.01785107,  0.02761606, -0.99945915, -0.80051905], [-0.83994865, -0.5418374 , -0.02997355, -1.5112072 ]],),      dtype=[('m', '<f4', (3, 4))]), array(([[-0.54240584,  0.83999693,  0.01417702,  0.04519635], [ 0.01755725,  0.02820532, -0.99944794, -0.8007219 ], [-0.83993304, -0.54185754, -0.03004671, -1.5110381 ]],),      dtype=[('m', '<f4', (3, 4))]), array(([[-0.5427788 ,  0.839765  ,  0.01362856,  0.04523977], [ 0.01765545,  0.02763186, -0.9994622 , -0.80066586], [-0.83969   , -0.54224634, -0.02982436, -1.5110084 ]],),      dtype=[('m', '<f4', (3, 4))]), array(([[-0.54230314,  0.8400706 ,  0.01373068,  0.045239  ], [ 0.01756931,  0.0276777 , -0.9994624 , -0.8007672 ], [-0.8399991 , -0.54177046, -0.02976911, -1.5110604 ]],),      dtype=[('m', '<f4', (3, 4))]), array(([[-0.5424055 ,  0.84000653,  0.01361006,  0.04523392], [ 0.01749743,  0.02749213, -0.99946886, -0.80074596], [-0.8399345 , -0.5418793 , -0.02960978, -1.5111217 ]],),      dtype=[('m', '<f4', (3, 4))]), array(([[-0.54245687,  0.8399654 ,  0.01408988,  0.04519417], [ 0.01749935,  0.02806645, -0.9994528 , -0.8007711 ], [-0.83990127, -0.54191357, -0.02992363, -1.5111171 ]],),      dtype=[('m', '<f4', (3, 4))])]||CAL:3
