vive_data|vlp_data|last_cmd
[array(([[-0.3110934 ,  0.95021796, -0.01751393, -0.1682396 ], [ 0.01916398, -0.01215264, -0.9997425 , -0.7903504 ], [-0.95018613, -0.3113489 , -0.01442938, -0.31562945]],),      dtype=[('m', '<f4', (3, 4))]), array(([[-0.31106183,  0.95022845, -0.01750724, -0.16823974], [ 0.01934952, -0.0120853 , -0.99973977, -0.79036146], [-0.9501927 , -0.31131962, -0.01462721, -0.31563035]],),      dtype=[('m', '<f4', (3, 4))]), array(([[-0.31070256,  0.9503336 , -0.01816626, -0.16823319], [ 0.01961775, -0.01269662, -0.99972695, -0.79027313], [-0.95030475, -0.3109741 , -0.01469856, -0.3155909 ]],),      dtype=[('m', '<f4', (3, 4))]), array(([[-0.31107858,  0.95021886, -0.01772973, -0.16820133], [ 0.01953622, -0.01225794, -0.99973404, -0.7903163 ], [-0.9501834 , -0.31134218, -0.01475053, -0.3156398 ]],),      dtype=[('m', '<f4', (3, 4))]), array(([[-0.3110035 ,  0.9502454 , -0.01762205, -0.16824803], [ 0.01961146, -0.01212124, -0.9997342 , -0.79038835], [-0.95020646, -0.31126642, -0.01486597, -0.31565857]],),      dtype=[('m', '<f4', (3, 4))]), array(([[-0.31092682,  0.95027596, -0.0173246 , -0.16819312], [ 0.01940219, -0.0118781 , -0.9997412 , -0.7903756 ], [-0.9502358 , -0.3111825 , -0.01474423, -0.31562075]],),      dtype=[('m', '<f4', (3, 4))]), array(([[-0.31085226,  0.9502944 , -0.01764955, -0.16816646], [ 0.01949117, -0.01219204, -0.9997357 , -0.7902007 ], [-0.9502584 , -0.3111141 , -0.01473245, -0.31555232]],),      dtype=[('m', '<f4', (3, 4))]), array(([[-0.3110694 ,  0.9502282 , -0.01738566, -0.16821979], [ 0.01948531, -0.01191277, -0.99973917, -0.7903673 ], [-0.95018744, -0.311327  , -0.01480982, -0.31567398]],),      dtype=[('m', '<f4', (3, 4))]), array(([[-0.3109701 ,  0.9502622 , -0.01730183, -0.16815662], [ 0.01929743, -0.01188774, -0.9997431 , -0.79042727], [-0.9502238 , -0.31122407, -0.01464091, -0.3157397 ]],),      dtype=[('m', '<f4', (3, 4))]), array(([[-0.31106824,  0.95022976, -0.01731934, -0.16822425], [ 0.01939428, -0.01187284, -0.99974144, -0.79032534], [-0.9501897 , -0.31132367, -0.01473578, -0.31565607]],),      dtype=[('m', '<f4', (3, 4))])]||CAL:1
[array(([[-0.314567  ,  0.9490547 , -0.01851391,  0.68150795], [ 0.0281774 , -0.01015952, -0.9995513 , -0.8166286 ], [-0.948817  , -0.3149475 , -0.02354607, -0.60022706]],),      dtype=[('m', '<f4', (3, 4))]), array(([[-0.3145778 ,  0.9490502 , -0.01856319,  0.6814425 ], [ 0.02817001, -0.01021359, -0.999551  , -0.81673133], [-0.9488136 , -0.31495944, -0.02352181, -0.6002735 ]],),      dtype=[('m', '<f4', (3, 4))]), array(([[-0.31437442,  0.94911385, -0.0187533 ,  0.6814766 ], [ 0.02843352, -0.0103317 , -0.9995423 , -0.8166504 ], [-0.94887316, -0.31476375, -0.02373865, -0.6002077 ]],),      dtype=[('m', '<f4', (3, 4))]), array(([[-0.3144354 ,  0.9490891 , -0.01898101,  0.6813777 ], [ 0.02842029, -0.01057429, -0.99954015, -0.8166587 ], [-0.9488534 , -0.3148302 , -0.02364848, -0.6002948 ]],),      dtype=[('m', '<f4', (3, 4))]), array(([[-0.31465763,  0.9490165 , -0.01892878,  0.6814627 ], [ 0.0280938 , -0.01062187, -0.99954885, -0.81659013], [-0.9487894 , -0.31504744, -0.02331925, -0.600247  ]],),      dtype=[('m', '<f4', (3, 4))]), array(([[-0.3146621 ,  0.949023  , -0.01852434,  0.681427  ], [ 0.02808375, -0.01019912, -0.99955356, -0.81658345], [-0.9487882 , -0.31504184, -0.02344287, -0.600158  ]],),      dtype=[('m', '<f4', (3, 4))]), array(([[-0.31445226,  0.9490843 , -0.01894332,  0.6815175 ], [ 0.02846236, -0.01052021, -0.9995395 , -0.8166432 ], [-0.9488465 , -0.3148466 , -0.0237051 , -0.60022736]],),      dtype=[('m', '<f4', (3, 4))]), array(([[-0.31455576,  0.94905144, -0.0188701 ,  0.68147624], [ 0.02834583, -0.01047905, -0.99954325, -0.8165684 ], [-0.9488157 , -0.31494698, -0.02360543, -0.60019606]],),      dtype=[('m', '<f4', (3, 4))]), array(([[-0.31458303,  0.9490491 , -0.01853082,  0.6814017 ], [ 0.02829336, -0.01013842, -0.99954826, -0.81662625], [-0.94880825, -0.3149652 , -0.02366244, -0.60023814]],),      dtype=[('m', '<f4', (3, 4))]), array(([[-0.31419414,  0.9491662 , -0.01912247,  0.68146074], [ 0.02842647, -0.01072755, -0.99953836, -0.8166745 ], [-0.94893306, -0.31459266, -0.02361093, -0.600231  ]],),      dtype=[('m', '<f4', (3, 4))])]||CAL:2
[array(([[-0.3189032 ,  0.94742286, -0.02628085,  0.40015677], [ 0.05021891, -0.01079898, -0.9986799 , -0.80222243], [-0.94645596, -0.319802  , -0.04413474, -1.4569478 ]],),      dtype=[('m', '<f4', (3, 4))]), array(([[-0.318749  ,  0.9474903 , -0.02571476,  0.4002481 ], [ 0.05024272, -0.01020184, -0.99868494, -0.8023116 ], [-0.9465066 , -0.3196218 , -0.04435268, -1.457024  ]],),      dtype=[('m', '<f4', (3, 4))]), array(([[-0.31892872,  0.9474338 , -0.02556637,  0.40020242], [ 0.05074088, -0.00986822, -0.9986631 , -0.80228674], [-0.9464195 , -0.3197996 , -0.04492639, -1.4570116 ]],),      dtype=[('m', '<f4', (3, 4))]), array(([[-0.31821966,  0.9476902 , -0.02489259,  0.4001783 ], [ 0.05136418, -0.00898357, -0.9986396 , -0.8023034 ], [-0.9466245 , -0.31906533, -0.0458186 , -1.457107  ]],),      dtype=[('m', '<f4', (3, 4))]), array(([[-0.3183608 ,  0.9476439 , -0.02485091,  0.40018064], [ 0.05183767, -0.00877278, -0.998617  , -0.8024012 ], [-0.94655126, -0.3192087 , -0.04633076, -1.457149  ]],),      dtype=[('m', '<f4', (3, 4))]), array(([[-0.31833115,  0.94766384, -0.02446534,  0.40026933], [ 0.05164815, -0.00843192, -0.99862975, -0.80238014], [-0.9465716 , -0.31915852, -0.04626097, -1.4571896 ]],),      dtype=[('m', '<f4', (3, 4))]), array(([[-0.31882203,  0.94749117, -0.02475881,  0.40024766], [ 0.05199264, -0.00859957, -0.99861044, -0.80240625], [-0.9463875 , -0.31966627, -0.04652086, -1.4571224 ]],),      dtype=[('m', '<f4', (3, 4))]), array(([[-0.31865942,  0.94755274, -0.02449525,  0.40037176], [ 0.05223677, -0.00824782, -0.99860066, -0.8024043 ], [-0.94642884, -0.31949306, -0.04686887, -1.4572481 ]],),      dtype=[('m', '<f4', (3, 4))]), array(([[-0.3183387 ,  0.94765574, -0.02468137,  0.40025687], [ 0.05250587, -0.00836994, -0.9985856 , -0.80242383], [-0.9465219 , -0.3191843 , -0.04709303, -1.4572412 ]],),      dtype=[('m', '<f4', (3, 4))]), array(([[-0.31864783,  0.947546  , -0.02490233,  0.40014428], [ 0.0514646 , -0.00893811, -0.9986348 , -0.80239266], [-0.946475  , -0.3194944 , -0.04591699, -1.4573108 ]],),      dtype=[('m', '<f4', (3, 4))])]||CAL:3
