vive_data|vlp_data|last_cmd
[array(([[-0.5955794 ,  0.80307937,  0.01866941, -0.2149195 ], [-0.01396152,  0.01288898, -0.9998194 , -0.80006266], [-0.80317503, -0.59573257,  0.00353585, -0.25234783]],),      dtype=[('m', '<f4', (3, 4))]), array(([[-0.59566   ,  0.8030233 ,  0.01851177, -0.21487065], [-0.01374649,  0.0128518 , -0.99982285, -0.80002767], [-0.80311894, -0.59580904,  0.00338351, -0.25230914]],),      dtype=[('m', '<f4', (3, 4))]), array(([[-0.5953782 ,  0.80322516,  0.01881578, -0.2149044 ], [-0.01398926,  0.01305172, -0.9998169 , -0.8001556 ], [-0.8033237 , -0.5955325 ,  0.00346588, -0.25240713]],),      dtype=[('m', '<f4', (3, 4))]), array(([[-0.59543777,  0.8031925 ,  0.01831872, -0.21486561], [-0.0135377 ,  0.01276744, -0.9998268 , -0.8000107 ], [-0.80328727, -0.5955827 ,  0.00327123, -0.25236177]],),      dtype=[('m', '<f4', (3, 4))]), array(([[-0.59534955,  0.80325234,  0.01856133, -0.2149987 ], [-0.01374756,  0.01291432, -0.9998221 , -0.8001806 ], [-0.80334914, -0.59549886,  0.00335428, -0.25240764]],),      dtype=[('m', '<f4', (3, 4))]), array(([[-0.59559214,  0.80307144,  0.01860481, -0.21487528], [-0.01365927,  0.01303268, -0.9998217 , -0.8001481 ], [-0.8031708 , -0.59574014,  0.00320726, -0.2524299 ]],),      dtype=[('m', '<f4', (3, 4))]), array(([[-0.5956606 ,  0.8030175 ,  0.01874063, -0.21503809], [-0.01409008,  0.01288183, -0.9998177 , -0.80018324], [-0.80311257, -0.5958162 ,  0.00364144, -0.25236842]],),      dtype=[('m', '<f4', (3, 4))]), array(([[-0.5956638 ,  0.803018  ,  0.0186196 , -0.21483146], [-0.0140489 ,  0.01276168, -0.9998198 , -0.8000955 ], [-0.8031109 , -0.5958181 ,  0.00367991, -0.2523582 ]],),      dtype=[('m', '<f4', (3, 4))]), array(([[-0.59555656,  0.80308837,  0.01900724, -0.21497996], [-0.01409473,  0.0132109 , -0.9998134 , -0.8002049 ], [-0.80318964, -0.5957134 ,  0.00345154, -0.25232923]],),      dtype=[('m', '<f4', (3, 4))]), array(([[-0.59543926,  0.80317426,  0.01905659, -0.21485178], [-0.01427331,  0.01314054, -0.99981177, -0.8001489 ], [-0.8032735 , -0.5955992 ,  0.00363962, -0.25241104]],),      dtype=[('m', '<f4', (3, 4))])]||CAL:1
[array(([[-0.59583336,  0.8030376 ,  0.01063573,  0.53406996], [-0.00105728,  0.0124589 , -0.9999218 , -0.80483776], [-0.8031073 , -0.5957981 , -0.00657433, -0.7424813 ]],),      dtype=[('m', '<f4', (3, 4))]), array(([[-0.5957913 ,  0.80307084,  0.0104797 ,  0.5339643 ], [-0.0010616 ,  0.01226099, -0.99992424, -0.8049224 ], [-0.8031385 , -0.59575737, -0.00645239, -0.7425645 ]],),      dtype=[('m', '<f4', (3, 4))]), array(([[-5.9567624e-01,  8.0315554e-01,  1.0529349e-02,  5.3396362e-01], [-8.4926863e-04,  1.2479111e-02, -9.9992174e-01, -8.0487734e-01], [-8.0322409e-01, -5.9563863e-01, -6.7513543e-03, -7.4257731e-01]],),      dtype=[('m', '<f4', (3, 4))]), array(([[-0.59586877,  0.80301315,  0.01049382,  0.53400433], [-0.00106016,  0.01228041, -0.999924  , -0.8049196 ], [-0.80308104, -0.5958347 , -0.00646613, -0.74254566]],),      dtype=[('m', '<f4', (3, 4))]), array(([[-0.5957462 ,  0.803101  ,  0.01072759,  0.5340192 ], [-0.00112229,  0.01252417, -0.9999209 , -0.8047616 ], [-0.8031719 , -0.59571123, -0.00655985, -0.7425648 ]],),      dtype=[('m', '<f4', (3, 4))]), array(([[-5.9567046e-01,  8.0316275e-01,  1.0302478e-02,  5.3400135e-01], [-8.0417015e-04,  1.2230042e-02, -9.9992484e-01, -8.0487508e-01], [-8.0322844e-01, -5.9563404e-01, -6.6391355e-03, -7.4253052e-01]],),      dtype=[('m', '<f4', (3, 4))]), array(([[-5.9586775e-01,  8.0301398e-01,  1.0490540e-02,  5.3387403e-01], [-7.7929551e-04,  1.2484706e-02, -9.9992174e-01, -8.0490839e-01], [-8.0308211e-01, -5.9582937e-01, -6.8133879e-03, -7.4257660e-01]],),      dtype=[('m', '<f4', (3, 4))]), array(([[-5.9589148e-01,  8.0299664e-01,  1.0470512e-02,  5.3400487e-01], [-9.3155442e-04,  1.2347044e-02, -9.9992329e-01, -8.0484128e-01], [-8.0306435e-01, -5.9585559e-01, -6.6094031e-03, -7.4250746e-01]],),      dtype=[('m', '<f4', (3, 4))]), array(([[-5.9550965e-01,  8.0328482e-01,  1.0079079e-02,  5.3397185e-01], [-8.3936920e-04,  1.1924210e-02, -9.9992853e-01, -8.0487645e-01], [-8.0334765e-01, -5.9547561e-01, -6.4266692e-03, -7.4250507e-01]],),      dtype=[('m', '<f4', (3, 4))]), array(([[-0.5957518 ,  0.8031003 ,  0.01046718,  0.5339949 ], [-0.00102158,  0.01227469, -0.9999241 , -0.8049139 ], [-0.8031678 , -0.5957174 , -0.00649218, -0.7425688 ]],),      dtype=[('m', '<f4', (3, 4))])]||CAL:2
[array(([[-0.59912986,  0.80064976, -0.00181296,  0.04493743], [ 0.02353656,  0.01534909, -0.9996051 , -0.8168161 ], [-0.8003058 , -0.59893596, -0.02804058, -1.4989051 ]],),      dtype=[('m', '<f4', (3, 4))]), array(([[-0.5991174 ,  0.8006586 , -0.00201584,  0.04484934], [ 0.0233    ,  0.01491822, -0.99961716, -0.81678057], [-0.80032206, -0.59893507, -0.02759305, -1.4989797 ]],),      dtype=[('m', '<f4', (3, 4))]), array(([[-0.59906894,  0.8006954 , -0.00176597,  0.04485632], [ 0.02278385,  0.01484186, -0.9996302 , -0.81677896], [-0.80037314, -0.5988877 , -0.02713417, -1.4990584 ]],),      dtype=[('m', '<f4', (3, 4))]), array(([[-5.9887260e-01,  8.0084288e-01, -1.4595292e-03,  4.4879436e-02], [ 2.2666022e-02,  1.5127943e-02, -9.9962860e-01, -8.1685919e-01], [-8.0052340e-01, -5.9868336e-01, -2.7211573e-02, -1.4990779e+00]],),      dtype=[('m', '<f4', (3, 4))]), array(([[-0.59911376,  0.800662  , -0.00171526,  0.04473166], [ 0.02269143,  0.0148379 , -0.99963236, -0.8167608 ], [-0.8003422 , -0.5989325 , -0.0270577 , -1.4990492 ]],),      dtype=[('m', '<f4', (3, 4))]), array(([[-0.5990779 ,  0.8006892 , -0.0015289 ,  0.04486916], [ 0.02291255,  0.01523452, -0.99962133, -0.81688803], [-0.80036277, -0.59888613, -0.02747244, -1.4991094 ]],),      dtype=[('m', '<f4', (3, 4))]), array(([[-5.9864306e-01,  8.0101442e-01, -1.4785316e-03,  4.4918466e-02], [ 2.3742314e-02,  1.5898934e-02, -9.9959165e-01, -8.1675351e-01], [-8.0066389e-01, -5.9843379e-01, -2.8535664e-02, -1.4991193e+00]],),      dtype=[('m', '<f4', (3, 4))]), array(([[-0.5984931 ,  0.80112624, -0.00163887,  0.04483267], [ 0.02405906,  0.01592886, -0.9995836 , -0.816945  ], [-0.8007665 , -0.59828335, -0.02880759, -1.4991355 ]],),      dtype=[('m', '<f4', (3, 4))]), array(([[-5.9887522e-01,  8.0084145e-01, -1.1736659e-03,  4.4883370e-02], [ 2.2848684e-02,  1.5621477e-02, -9.9961686e-01, -8.1688643e-01], [-8.0051631e-01, -5.9867263e-01, -2.7653430e-02, -1.4991540e+00]],),      dtype=[('m', '<f4', (3, 4))]), array(([[-5.9883833e-01,  8.0086869e-01, -1.3672818e-03,  4.4870835e-02], [ 2.3821894e-02,  1.6105985e-02, -9.9958646e-01, -8.1693512e-01], [-8.0051547e-01, -5.9862334e-01, -2.8723029e-02, -1.4992313e+00]],),      dtype=[('m', '<f4', (3, 4))])]||CAL:3
