vive_data|vlp_data|last_cmd
[array(([[-0.52745897,  0.84953654,  0.00862751, -0.21918616], [ 0.01534325,  0.01967879, -0.9996885 , -0.7831147 ], [-0.84944177, -0.52716243, -0.02341424, -0.26416814]],),      dtype=[('m', '<f4', (3, 4))]), array(([[-0.5272686 ,  0.8496505 ,  0.00902781, -0.21913418], [ 0.01502304,  0.01994498, -0.9996881 , -0.783295  ], [-0.8495657 , -0.52696866, -0.02328053, -0.26410088]],),      dtype=[('m', '<f4', (3, 4))]), array(([[-0.5272224 ,  0.84967995,  0.00895509, -0.21900697], [ 0.01505739,  0.01987924, -0.99968886, -0.783151  ], [-0.8495937 , -0.5269237 , -0.02327459, -0.26427746]],),      dtype=[('m', '<f4', (3, 4))]), array(([[-0.52737004,  0.8495883 ,  0.00896381, -0.21917114], [ 0.01494372,  0.01982374, -0.9996917 , -0.783051  ], [-0.8495041 , -0.5270736 , -0.02315029, -0.26435998]],),      dtype=[('m', '<f4', (3, 4))]), array(([[-0.52728474,  0.849641  ,  0.00897752, -0.21914817], [ 0.01502227,  0.01988585, -0.9996893 , -0.7832008 ], [-0.8495557 , -0.52698624, -0.02324888, -0.26428857]],),      dtype=[('m', '<f4', (3, 4))]), array(([[-0.52723104,  0.8496736 ,  0.00904474, -0.21914797], [ 0.01507198,  0.01999404, -0.99968636, -0.7831312 ], [-0.8495881 , -0.5269295 , -0.02334758, -0.2643235 ]],),      dtype=[('m', '<f4', (3, 4))]), array(([[-0.52728355,  0.84964216,  0.00894248, -0.21914454], [ 0.01514733,  0.01992216, -0.99968666, -0.7828888 ], [-0.8495542 , -0.526983  , -0.02337428, -0.26474157]],),      dtype=[('m', '<f4', (3, 4))]), array(([[-0.5273306 ,  0.849612  ,  0.00903272, -0.21916015], [ 0.01510178,  0.02000161, -0.99968576, -0.7828984 ], [-0.8495258 , -0.5270286 , -0.02337796, -0.26472658]],),      dtype=[('m', '<f4', (3, 4))]), array(([[-0.5274121 ,  0.84956074,  0.00909128, -0.21913256], [ 0.01502681,  0.02002664, -0.9996864 , -0.7829518 ], [-0.8494765 , -0.5271103 , -0.02332832, -0.2645169 ]],),      dtype=[('m', '<f4', (3, 4))]), array(([[-0.52737623,  0.8495821 ,  0.00917748, -0.21916893], [ 0.01483133,  0.02000562, -0.99968976, -0.78319186], [-0.8495022 , -0.52707666, -0.02315076, -0.26430526]],),      dtype=[('m', '<f4', (3, 4))])]||CAL:1
[array(([[-0.529357  ,  0.8482298 ,  0.01693981,  0.53700596], [ 0.01578545,  0.02981079, -0.9994308 , -0.7923437 ], [-0.8482521 , -0.5287885 , -0.02917008, -0.7563865 ]],),      dtype=[('m', '<f4', (3, 4))]), array(([[-0.52930975,  0.84825516,  0.0171489 ,  0.53718084], [ 0.01555222,  0.02990986, -0.9994315 , -0.792307  ], [-0.8482859 , -0.5287423 , -0.02902367, -0.75673854]],),      dtype=[('m', '<f4', (3, 4))]), array(([[-0.5293933 ,  0.8482021 ,  0.01719292,  0.53719306], [ 0.01569965,  0.030057  , -0.99942476, -0.7923165 ], [-0.848231  , -0.528819  , -0.02922829, -0.75679487]],),      dtype=[('m', '<f4', (3, 4))]), array(([[-0.5292686 ,  0.8482811 ,  0.01713379,  0.5370269 ], [ 0.01572654,  0.02999904, -0.9994261 , -0.79225177], [-0.8483084 , -0.5286956 , -0.02921792, -0.75661033]],),      dtype=[('m', '<f4', (3, 4))]), array(([[-0.5292014 ,  0.8483291 ,  0.01682943,  0.5371052 ], [ 0.01565976,  0.02959612, -0.9994392 , -0.79222614], [-0.84835154, -0.5286412 , -0.02894678, -0.75660586]],),      dtype=[('m', '<f4', (3, 4))]), array(([[-0.5292897 ,  0.84826887,  0.01708834,  0.5371335 ], [ 0.01547403,  0.02978896, -0.9994363 , -0.7923852 ], [-0.84829986, -0.5287271 , -0.02889296, -0.7565484 ]],),      dtype=[('m', '<f4', (3, 4))]), array(([[-0.52923965,  0.8482949 ,  0.01734541,  0.5370812 ], [ 0.01532784,  0.02999871, -0.9994323 , -0.7923095 ], [-0.8483337 , -0.52867347, -0.02887887, -0.75649905]],),      dtype=[('m', '<f4', (3, 4))]), array(([[-0.5294241 ,  0.84818673,  0.017002  ,  0.53707695], [ 0.01542264,  0.02966057, -0.9994409 , -0.79232806], [-0.8482169 , -0.52886605, -0.02878414, -0.7565378 ]],),      dtype=[('m', '<f4', (3, 4))]), array(([[-0.5293602 ,  0.84822994,  0.01683522,  0.53715813], [ 0.01558972,  0.02956567, -0.99944115, -0.7922943 ], [-0.8482538 , -0.52880204, -0.0288744 , -0.75655395]],),      dtype=[('m', '<f4', (3, 4))]), array(([[-0.5294728 ,  0.84815586,  0.0170231 ,  0.5371364 ], [ 0.01548783,  0.02972804, -0.9994379 , -0.7923481 ], [-0.8481853 , -0.52891177, -0.02887613, -0.75653774]],),      dtype=[('m', '<f4', (3, 4))])]||CAL:2
[array(([[-0.5267792 ,  0.84997135, -0.00721666,  0.04339481], [ 0.03044712,  0.01038397, -0.99948233, -0.7924378 ], [-0.8494565 , -0.52672637, -0.03134907, -1.5113068 ]],),      dtype=[('m', '<f4', (3, 4))]), array(([[-0.5268675 ,  0.84991235, -0.00770369,  0.043266  ], [ 0.03033637,  0.00974638, -0.9994921 , -0.79219174], [-0.84940565, -0.5268338 , -0.03091814, -1.5114248 ]],),      dtype=[('m', '<f4', (3, 4))]), array(([[-0.5267236 ,  0.8500027 , -0.00756679,  0.04334508], [ 0.03066761,  0.01010657, -0.99947846, -0.792468  ], [-0.849483  , -0.5266811 , -0.03139076, -1.5113028 ]],),      dtype=[('m', '<f4', (3, 4))]), array(([[-0.52668303,  0.8500317 , -0.00712616,  0.04337537], [ 0.03010746,  0.01027565, -0.9994937 , -0.79244256], [-0.8495282 , -0.5266311 , -0.03100415, -1.5113404 ]],),      dtype=[('m', '<f4', (3, 4))]), array(([[-0.52679235,  0.84996235, -0.00731167,  0.04329272], [ 0.03036749,  0.01022345, -0.9994864 , -0.79239094], [-0.8494512 , -0.526744  , -0.0311967 , -1.5112888 ]],),      dtype=[('m', '<f4', (3, 4))]), array(([[-0.5267009 ,  0.85001594, -0.00766213,  0.04334115], [ 0.03062843,  0.00996918, -0.999481  , -0.79246837], [-0.8494985 , -0.5266624 , -0.03128527, -1.5113466 ]],),      dtype=[('m', '<f4', (3, 4))]), array(([[-0.526563  ,  0.850099  , -0.00791833,  0.0433692 ], [ 0.03086228,  0.00980692, -0.9994754 , -0.7923536 ], [-0.8495755 , -0.5265313 , -0.0313998 , -1.5113138 ]],),      dtype=[('m', '<f4', (3, 4))]), array(([[-0.5266813 ,  0.8500312 , -0.00731231,  0.04334285], [ 0.03055777,  0.01033585, -0.9994795 , -0.7924064 ], [-0.84951323, -0.5266307 , -0.0314186 , -1.5113006 ]],),      dtype=[('m', '<f4', (3, 4))]), array(([[-0.52688307,  0.84990466, -0.00748341,  0.04335543], [ 0.03044167,  0.0100714 , -0.9994857 , -0.79237026], [-0.84939224, -0.52684003, -0.0311788 , -1.5112758 ]],),      dtype=[('m', '<f4', (3, 4))]), array(([[-0.526804  ,  0.8499518 , -0.00769303,  0.04332559], [ 0.03060395,  0.00992212, -0.9994822 , -0.79244906], [-0.8494355 , -0.5267668 , -0.03123873, -1.5112942 ]],),      dtype=[('m', '<f4', (3, 4))])]||CAL:3
